# Goxel 0.15.1
# One line per voxel
# X Y Z RRGGBB
79 1 0 116622
79 1 1 116622
79 1 2 116622
79 2 0 116622
79 2 1 116622
79 2 2 116622
79 3 0 116622
79 3 1 116622
79 3 2 116622
79 4 0 116622
79 4 1 116622
79 4 2 116622
79 5 0 116622
79 5 1 116622
79 5 2 116622
79 6 0 116622
79 6 1 116622
79 6 2 116622
79 7 0 116622
79 7 1 116622
79 7 2 116622
79 8 0 116622
79 8 1 116622
79 8 2 116622
79 9 0 116622
79 9 1 116622
79 9 2 116622
79 10 0 116622
79 10 1 116622
79 10 2 116622
79 11 0 116622
79 11 1 116622
79 11 2 116622
79 12 0 116622
79 12 1 116622
79 12 2 116622
79 13 0 116622
79 13 1 116622
79 13 2 116622
79 14 0 116622
79 14 1 116622
79 14 2 116622
79 15 0 116622
79 15 1 116622
79 15 2 116622
79 16 0 116622
79 16 1 116622
79 16 2 116622
79 17 0 116622
79 17 1 116622
79 17 2 116622
79 18 0 116622
79 18 1 116622
79 18 2 116622
79 19 0 116622
79 19 1 116622
79 19 2 116622
79 20 0 116622
79 20 1 116622
79 20 2 116622
79 21 0 116622
79 21 1 116622
79 21 2 116622
79 22 0 116622
79 22 1 116622
79 22 2 116622
79 23 0 116622
79 23 1 116622
79 23 2 116622
79 24 0 116622
79 24 1 116622
79 24 2 116622
79 25 0 116622
79 25 1 116622
79 25 2 116622
79 26 0 116622
79 26 1 116622
79 26 2 116622
79 27 0 116622
79 27 1 116622
79 27 2 116622
79 28 0 116622
79 28 1 116622
79 28 2 116622
79 29 0 116622
79 29 1 116622
79 29 2 116622
79 30 0 116622
79 30 1 116622
79 30 2 116622
79 31 0 116622
79 31 1 116622
79 31 2 116622
79 32 0 116622
79 32 1 116622
79 32 2 116622
79 33 0 116622
79 33 1 116622
79 33 2 116622
79 34 0 116622
79 34 1 116622
79 34 2 116622
79 35 0 116622
79 35 1 116622
79 35 2 116622
79 36 0 116622
79 36 1 116622
79 36 2 116622
79 37 0 116622
79 37 1 116622
79 37 2 116622
79 38 0 116622
79 38 1 116622
79 38 2 116622
79 39 0 116622
79 39 1 116622
79 39 2 116622
79 40 0 116622
79 40 1 116622
79 40 2 116622
79 41 0 116622
79 41 1 116622
79 41 2 116622
79 42 0 116622
79 42 1 116622
79 42 2 116622
79 43 0 116622
79 43 1 116622
79 43 2 116622
79 44 0 116622
79 44 1 116622
79 44 2 116622
79 45 0 116622
79 45 1 116622
79 45 2 116622
79 46 0 116622
79 46 1 116622
79 46 2 116622
79 1 8 116622
79 1 9 116622
79 2 8 116622
79 2 9 116622
79 3 8 116622
79 3 9 116622
79 4 8 116622
79 4 9 116622
79 5 8 116622
79 5 9 116622
79 6 8 116622
79 6 9 116622
79 7 8 116622
79 7 9 116622
79 8 8 116622
79 8 9 116622
79 9 8 116622
79 9 9 116622
79 10 8 116622
79 10 9 116622
79 11 8 116622
79 11 9 116622
79 12 8 116622
79 12 9 116622
79 13 8 116622
79 13 9 116622
79 14 8 116622
79 14 9 116622
79 15 8 116622
79 15 9 116622
79 16 8 116622
79 16 9 116622
79 17 8 116622
79 17 9 116622
79 18 8 116622
79 18 9 116622
79 19 8 116622
79 19 9 116622
79 20 8 116622
79 20 9 116622
79 21 8 116622
79 21 9 116622
79 22 8 116622
79 22 9 116622
79 23 8 116622
79 23 9 116622
79 24 8 116622
79 24 9 116622
79 25 8 116622
79 25 9 116622
79 26 8 116622
79 26 9 116622
79 27 8 116622
79 27 9 116622
79 28 8 116622
79 28 9 116622
79 29 8 116622
79 29 9 116622
79 30 8 116622
79 30 9 116622
79 31 8 116622
79 31 9 116622
79 32 8 116622
79 32 9 116622
79 33 8 116622
79 33 9 116622
79 34 8 116622
79 34 9 116622
79 35 8 116622
79 35 9 116622
79 36 8 116622
79 36 9 116622
79 37 8 116622
79 37 9 116622
79 38 8 116622
79 38 9 116622
79 39 8 116622
79 39 9 116622
79 40 8 116622
79 40 9 116622
79 41 8 116622
79 41 9 116622
79 42 8 116622
79 42 9 116622
79 43 8 116622
79 43 9 116622
79 44 8 116622
79 44 9 116622
79 45 8 116622
79 45 9 116622
79 46 8 116622
79 46 9 116622
79 1 3 116622
79 1 4 116622
79 1 5 116622
79 1 6 116622
79 1 7 116622
79 2 3 116622
79 2 4 116622
79 2 5 116622
79 2 6 116622
79 2 7 116622
79 3 3 116622
79 3 4 116622
79 3 5 116622
79 3 6 116622
79 3 7 116622
79 4 3 116622
79 4 4 116622
79 4 5 116622
79 4 6 116622
79 4 7 116622
79 5 3 116622
79 5 4 116622
79 5 5 116622
79 5 6 116622
79 5 7 116622
79 6 3 116622
79 6 4 116622
79 6 5 116622
79 6 6 116622
79 6 7 116622
79 7 3 116622
79 7 4 116622
79 7 5 116622
79 7 6 116622
79 7 7 116622
79 8 3 116622
79 8 4 116622
79 8 5 116622
79 8 6 116622
79 8 7 116622
79 9 3 116622
79 9 4 116622
79 9 5 116622
79 9 6 116622
79 9 7 116622
79 10 3 116622
79 10 4 116622
79 10 5 116622
79 10 6 116622
79 10 7 116622
79 11 3 116622
79 11 4 116622
79 11 5 116622
79 11 6 116622
79 11 7 116622
79 12 3 116622
79 12 4 116622
79 12 5 116622
79 12 6 116622
79 12 7 116622
79 13 3 116622
79 13 4 116622
79 13 5 116622
79 13 6 116622
79 13 7 116622
79 14 3 116622
79 14 4 116622
79 14 5 116622
79 14 6 116622
79 14 7 116622
79 15 3 116622
79 15 4 116622
79 15 5 116622
79 15 6 116622
79 15 7 116622
79 16 3 116622
79 16 4 116622
79 16 5 116622
79 16 6 116622
79 16 7 116622
79 17 3 116622
79 17 4 116622
79 17 5 116622
79 17 6 116622
79 17 7 116622
79 18 3 116622
79 18 4 116622
79 18 5 116622
79 18 6 116622
79 18 7 116622
79 19 3 116622
79 19 4 116622
79 19 5 116622
79 19 6 116622
79 19 7 116622
79 20 3 116622
79 20 4 116622
79 20 5 116622
79 20 6 116622
79 20 7 116622
79 21 3 116622
79 21 4 116622
79 21 5 116622
79 21 6 116622
79 21 7 116622
79 22 3 116622
79 22 4 116622
79 22 5 116622
79 22 6 116622
79 22 7 116622
79 23 3 116622
79 23 4 116622
79 23 5 116622
79 23 6 116622
79 23 7 116622
79 24 3 116622
79 24 4 116622
79 24 5 116622
79 24 6 116622
79 24 7 116622
79 25 3 116622
79 25 4 116622
79 25 5 116622
79 25 6 116622
79 25 7 116622
79 26 3 116622
79 26 4 116622
79 26 5 116622
79 26 6 116622
79 26 7 116622
79 27 3 116622
79 27 4 116622
79 27 5 116622
79 27 6 116622
79 27 7 116622
79 28 3 116622
79 28 4 116622
79 28 5 116622
79 28 6 116622
79 28 7 116622
79 29 3 116622
79 29 4 116622
79 29 5 116622
79 29 6 116622
79 29 7 116622
79 30 3 116622
79 30 4 116622
79 30 5 116622
79 30 6 116622
79 30 7 116622
79 31 3 116622
79 31 4 116622
79 31 5 116622
79 31 6 116622
79 31 7 116622
79 32 3 116622
79 32 4 116622
79 32 5 116622
79 32 6 116622
79 32 7 116622
79 33 3 116622
79 33 4 116622
79 33 5 116622
79 33 6 116622
79 33 7 116622
79 34 3 116622
79 34 4 116622
79 34 5 116622
79 34 6 116622
79 34 7 116622
79 35 3 116622
79 35 4 116622
79 35 5 116622
79 35 6 116622
79 35 7 116622
79 36 3 116622
79 36 4 116622
79 36 5 116622
79 36 6 116622
79 36 7 116622
79 37 3 116622
79 37 4 116622
79 37 5 116622
79 37 6 116622
79 37 7 116622
79 38 3 116622
79 38 4 116622
79 38 5 116622
79 38 6 116622
79 38 7 116622
79 39 3 116622
79 39 4 116622
79 39 5 116622
79 39 6 116622
79 39 7 116622
79 40 3 116622
79 40 4 116622
79 40 5 116622
79 40 6 116622
79 40 7 116622
79 44 3 116622
79 44 4 116622
79 44 5 116622
79 44 6 116622
79 44 7 116622
79 45 3 116622
79 45 4 116622
79 45 5 116622
79 45 6 116622
79 45 7 116622
79 46 3 116622
79 46 4 116622
79 46 5 116622
79 46 6 116622
79 46 7 116622
