# Goxel 0.15.1
# One line per voxel
# X Y Z RRGGBB
79 0 1 ff0000
79 1 1 ff0000
79 2 1 ff0000
79 3 1 ff0000
79 4 1 ff0000
79 5 1 ff0000
79 6 1 ff0000
79 7 1 ff0000
79 8 1 ff0000
79 9 1 ff0000
79 10 1 ff0000
79 11 1 ff0000
79 12 1 ff0000
79 13 1 ff0000
79 14 1 ff0000
79 15 1 ff0000
79 16 1 ff0000
79 17 1 ff0000
79 18 1 ff0000
79 19 1 ff0000
79 20 1 ff0000
79 21 1 ff0000
79 22 1 ff0000
79 23 1 ff0000
79 24 1 ff0000
79 25 1 ff0000
79 26 1 ff0000
79 27 1 ff0000
79 28 1 ff0000
79 29 1 ff0000
79 30 1 ff0000
79 31 1 ff0000
79 32 1 ff0000
79 33 1 ff0000
79 34 1 ff0000
79 35 1 ff0000
79 36 1 ff0000
79 37 1 ff0000
79 38 1 ff0000
79 39 1 ff0000
79 40 1 ff0000
79 41 1 ff0000
79 42 1 ff0000
79 43 1 ff0000
79 44 1 ff0000
79 45 1 ff0000
79 46 1 ff0000
79 47 1 ff0000
79 0 2 ff0000
79 1 2 ff0000
79 2 2 ff0000
79 3 2 ff0000
79 4 2 ff0000
79 5 2 ff0000
79 6 2 ff0000
79 7 2 ff0000
79 8 2 ff0000
79 9 2 ff0000
79 10 2 ff0000
79 11 2 ff0000
79 12 2 ff0000
79 13 2 ff0000
79 14 2 ff0000
79 15 2 ff0000
79 16 2 ff0000
79 17 2 ff0000
79 18 2 ff0000
79 19 2 ff0000
79 20 2 ff0000
79 21 2 ff0000
79 22 2 ff0000
79 23 2 ff0000
79 24 2 ff0000
79 25 2 ff0000
79 26 2 ff0000
79 27 2 ff0000
79 28 2 ff0000
79 29 2 ff0000
79 30 2 ff0000
79 31 2 ff0000
79 32 2 ff0000
79 33 2 ff0000
79 34 2 ff0000
79 35 2 ff0000
79 36 2 ff0000
79 37 2 ff0000
79 38 2 ff0000
79 39 2 ff0000
79 40 2 ff0000
79 41 2 ff0000
79 42 2 ff0000
79 43 2 ff0000
79 44 2 ff0000
79 45 2 ff0000
79 46 2 ff0000
79 47 2 ff0000
79 0 3 ff0000
79 1 3 ff0000
79 2 3 ff0000
79 3 3 ff0000
79 4 3 ff0000
79 5 3 ff0000
79 6 3 ff0000
79 7 3 ff0000
79 8 3 ff0000
79 9 3 ff0000
79 10 3 ff0000
79 11 3 ff0000
79 12 3 ff0000
79 13 3 ff0000
79 14 3 ff0000
79 15 3 ff0000
79 16 3 ff0000
79 17 3 ff0000
79 18 3 ff0000
79 19 3 ff0000
79 20 3 ff0000
79 21 3 ff0000
79 22 3 ff0000
79 23 3 ff0000
79 24 3 ff0000
79 25 3 ff0000
79 26 3 ff0000
79 27 3 ff0000
79 28 3 ff0000
79 29 3 ff0000
79 30 3 ff0000
79 31 3 ff0000
79 32 3 ff0000
79 33 3 ff0000
79 34 3 ff0000
79 35 3 ff0000
79 36 3 ff0000
79 37 3 ff0000
79 38 3 ff0000
79 39 3 ff0000
79 40 3 ff0000
79 41 3 ff0000
79 42 3 ff0000
79 43 3 ff0000
79 44 3 ff0000
79 45 3 ff0000
79 46 3 ff0000
79 47 3 ff0000
79 0 4 ff0000
79 1 4 ff0000
79 2 4 ff0000
79 3 4 ff0000
79 4 4 ff0000
79 5 4 ff0000
79 6 4 ff0000
79 7 4 ff0000
79 8 4 ff0000
79 9 4 ff0000
79 10 4 ff0000
79 11 4 ff0000
79 12 4 ff0000
79 13 4 ff0000
79 14 4 ff0000
79 15 4 ff0000
79 16 4 ff0000
79 17 4 ff0000
79 18 4 ff0000
79 19 4 ff0000
79 20 4 ff0000
79 21 4 ff0000
79 22 4 ff0000
79 23 4 ff0000
79 24 4 ff0000
79 25 4 ff0000
79 26 4 ff0000
79 27 4 ff0000
79 28 4 ff0000
79 29 4 ff0000
79 30 4 ff0000
79 31 4 ff0000
79 32 4 ff0000
79 33 4 ff0000
79 34 4 ff0000
79 35 4 ff0000
79 36 4 ff0000
79 37 4 ff0000
79 38 4 ff0000
79 39 4 ff0000
79 40 4 ff0000
79 41 4 ff0000
79 42 4 ff0000
79 43 4 ff0000
79 44 4 ff0000
79 45 4 ff0000
79 46 4 ff0000
79 47 4 ff0000
79 0 5 ff0000
79 1 5 ff0000
79 2 5 ff0000
79 3 5 ff0000
79 4 5 ff0000
79 5 5 ff0000
79 6 5 ff0000
79 7 5 ff0000
79 8 5 ff0000
79 9 5 ff0000
79 10 5 ff0000
79 11 5 ff0000
79 12 5 ff0000
79 13 5 ff0000
79 14 5 ff0000
79 15 5 ff0000
79 16 5 ff0000
79 17 5 ff0000
79 18 5 ff0000
79 19 5 ff0000
79 20 5 ff0000
79 21 5 ff0000
79 22 5 ff0000
79 23 5 ff0000
79 24 5 ff0000
79 25 5 ff0000
79 26 5 ff0000
79 27 5 ff0000
79 28 5 ff0000
79 29 5 ff0000
79 30 5 ff0000
79 31 5 ff0000
79 32 5 ff0000
79 33 5 ff0000
79 34 5 ff0000
79 35 5 ff0000
79 36 5 ff0000
79 37 5 ff0000
79 38 5 ff0000
79 39 5 ff0000
79 40 5 ff0000
79 41 5 ff0000
79 42 5 ff0000
79 43 5 ff0000
79 44 5 ff0000
79 45 5 ff0000
79 46 5 ff0000
79 47 5 ff0000
79 0 6 ff0000
79 1 6 ff0000
79 2 6 ff0000
79 3 6 ff0000
79 4 6 ff0000
79 5 6 ff0000
79 6 6 ff0000
79 7 6 ff0000
79 8 6 ff0000
79 9 6 ff0000
79 10 6 ff0000
79 11 6 ff0000
79 12 6 ff0000
79 13 6 ff0000
79 14 6 ff0000
79 15 6 ff0000
79 16 6 ff0000
79 17 6 ff0000
79 18 6 ff0000
79 19 6 ff0000
79 20 6 ff0000
79 21 6 ff0000
79 22 6 ff0000
79 23 6 ff0000
79 24 6 ff0000
79 25 6 ff0000
79 26 6 ff0000
79 27 6 ff0000
79 28 6 ff0000
79 29 6 ff0000
79 30 6 ff0000
79 31 6 ff0000
79 32 6 ff0000
79 33 6 ff0000
79 34 6 ff0000
79 35 6 ff0000
79 36 6 ff0000
79 37 6 ff0000
79 38 6 ff0000
79 39 6 ff0000
79 40 6 ff0000
79 41 6 ff0000
79 42 6 ff0000
79 43 6 ff0000
79 44 6 ff0000
79 45 6 ff0000
79 46 6 ff0000
79 47 6 ff0000
79 0 7 ff0000
79 1 7 ff0000
79 2 7 ff0000
79 3 7 ff0000
79 6 7 ff0000
79 7 7 ff0000
79 8 7 ff0000
79 9 7 ff0000
79 12 7 ff0000
79 13 7 ff0000
79 14 7 ff0000
79 15 7 ff0000
79 18 7 ff0000
79 19 7 ff0000
79 20 7 ff0000
79 21 7 ff0000
79 24 7 ff0000
79 25 7 ff0000
79 26 7 ff0000
79 27 7 ff0000
79 30 7 ff0000
79 31 7 ff0000
79 32 7 ff0000
79 33 7 ff0000
79 34 7 ff0000
79 35 7 ff0000
79 36 7 ff0000
79 37 7 ff0000
79 38 7 ff0000
79 39 7 ff0000
79 40 7 ff0000
79 41 7 ff0000
79 44 7 ff0000
79 45 7 ff0000
79 46 7 ff0000
79 47 7 ff0000
79 0 8 ff0000
79 1 8 ff0000
79 2 8 ff0000
79 3 8 ff0000
79 6 8 ff0000
79 7 8 ff0000
79 8 8 ff0000
79 9 8 ff0000
79 12 8 ff0000
79 13 8 ff0000
79 14 8 ff0000
79 15 8 ff0000
79 18 8 ff0000
79 19 8 ff0000
79 20 8 ff0000
79 21 8 ff0000
79 24 8 ff0000
79 25 8 ff0000
79 26 8 ff0000
79 27 8 ff0000
79 30 8 ff0000
79 31 8 ff0000
79 32 8 ff0000
79 33 8 ff0000
79 34 8 ff0000
79 35 8 ff0000
79 36 8 ff0000
79 37 8 ff0000
79 38 8 ff0000
79 39 8 ff0000
79 40 8 ff0000
79 41 8 ff0000
79 44 8 ff0000
79 45 8 ff0000
79 46 8 ff0000
79 47 8 ff0000
79 0 9 ff0000
79 1 9 ff0000
79 2 9 ff0000
79 3 9 ff0000
79 4 9 ff0000
79 5 9 ff0000
79 6 9 ff0000
79 7 9 ff0000
79 8 9 ff0000
79 9 9 ff0000
79 10 9 ff0000
79 11 9 ff0000
79 12 9 ff0000
79 13 9 ff0000
79 14 9 ff0000
79 15 9 ff0000
79 16 9 ff0000
79 17 9 ff0000
79 18 9 ff0000
79 19 9 ff0000
79 20 9 ff0000
79 21 9 ff0000
79 22 9 ff0000
79 23 9 ff0000
79 24 9 ff0000
79 25 9 ff0000
79 26 9 ff0000
79 27 9 ff0000
79 28 9 ff0000
79 29 9 ff0000
79 30 9 ff0000
79 31 9 ff0000
79 32 9 ff0000
79 33 9 ff0000
79 34 9 ff0000
79 35 9 ff0000
79 36 9 ff0000
79 37 9 ff0000
79 38 9 ff0000
79 39 9 ff0000
79 40 9 ff0000
79 41 9 ff0000
79 42 9 ff0000
79 43 9 ff0000
79 44 9 ff0000
79 45 9 ff0000
79 46 9 ff0000
79 47 9 ff0000
79 0 10 ff0000
79 1 10 ff0000
79 2 10 ff0000
79 3 10 ff0000
79 4 10 ff0000
79 5 10 ff0000
79 6 10 ff0000
79 7 10 ff0000
79 8 10 ff0000
79 9 10 ff0000
79 10 10 ff0000
79 11 10 ff0000
79 12 10 ff0000
79 13 10 ff0000
79 14 10 ff0000
79 15 10 ff0000
79 16 10 ff0000
79 17 10 ff0000
79 18 10 ff0000
79 19 10 ff0000
79 20 10 ff0000
79 21 10 ff0000
79 22 10 ff0000
79 23 10 ff0000
79 24 10 ff0000
79 25 10 ff0000
79 26 10 ff0000
79 27 10 ff0000
79 28 10 ff0000
79 29 10 ff0000
79 30 10 ff0000
79 31 10 ff0000
79 32 10 ff0000
79 33 10 ff0000
79 34 10 ff0000
79 35 10 ff0000
79 36 10 ff0000
79 37 10 ff0000
79 38 10 ff0000
79 39 10 ff0000
79 40 10 ff0000
79 41 10 ff0000
79 42 10 ff0000
79 43 10 ff0000
79 44 10 ff0000
79 45 10 ff0000
79 46 10 ff0000
79 47 10 ff0000
