# Goxel 0.15.1
# One line per voxel
# X Y Z RRGGBB
0 0 0 0000ff
0 1 0 0000ff
0 2 0 0000ff
0 3 0 0000ff
0 4 0 0000ff
0 5 0 0000ff
0 6 0 0000ff
0 7 0 0000ff
0 8 0 0000ff
0 9 0 0000ff
0 10 0 0000ff
0 11 0 0000ff
0 12 0 0000ff
0 13 0 0000ff
0 14 0 0000ff
0 15 0 0000ff
0 16 0 0000ff
0 17 0 0000ff
0 18 0 0000ff
0 19 0 0000ff
0 20 0 0000ff
0 21 0 0000ff
0 22 0 0000ff
0 23 0 0000ff
0 24 0 0000ff
0 25 0 0000ff
0 26 0 0000ff
0 27 0 0000ff
0 28 0 0000ff
0 29 0 0000ff
0 30 0 0000ff
0 31 0 0000ff
0 32 0 0000ff
0 33 0 0000ff
0 34 0 0000ff
0 35 0 0000ff
0 36 0 0000ff
0 37 0 0000ff
0 38 0 0000ff
0 39 0 0000ff
0 40 0 0000ff
0 41 0 0000ff
0 42 0 0000ff
0 43 0 0000ff
0 44 0 0000ff
0 45 0 0000ff
0 46 0 0000ff
0 47 0 0000ff
1 0 0 0000ff
1 1 0 0000ff
1 2 0 0000ff
1 3 0 0000ff
1 4 0 0000ff
1 5 0 0000ff
1 6 0 0000ff
1 7 0 0000ff
1 8 0 0000ff
1 9 0 0000ff
1 10 0 0000ff
1 11 0 0000ff
1 12 0 0000ff
1 13 0 0000ff
1 14 0 0000ff
1 15 0 0000ff
1 16 0 0000ff
1 17 0 0000ff
1 18 0 0000ff
1 19 0 0000ff
1 20 0 0000ff
1 21 0 0000ff
1 22 0 0000ff
1 23 0 0000ff
1 24 0 0000ff
1 25 0 0000ff
1 26 0 0000ff
1 27 0 0000ff
1 28 0 0000ff
1 29 0 0000ff
1 30 0 0000ff
1 31 0 0000ff
1 32 0 0000ff
1 33 0 0000ff
1 34 0 0000ff
1 35 0 0000ff
1 36 0 0000ff
1 37 0 0000ff
1 38 0 0000ff
1 39 0 0000ff
1 40 0 0000ff
1 41 0 0000ff
1 42 0 0000ff
1 43 0 0000ff
1 44 0 0000ff
1 45 0 0000ff
1 46 0 0000ff
1 47 0 0000ff
2 0 0 0000ff
2 1 0 0000ff
2 2 0 0000ff
2 3 0 0000ff
2 4 0 0000ff
2 5 0 0000ff
2 6 0 0000ff
2 7 0 0000ff
2 8 0 0000ff
2 9 0 0000ff
2 10 0 0000ff
2 11 0 0000ff
2 12 0 0000ff
2 13 0 0000ff
2 14 0 0000ff
2 15 0 0000ff
2 16 0 0000ff
2 17 0 0000ff
2 18 0 0000ff
2 19 0 0000ff
2 20 0 0000ff
2 21 0 0000ff
2 22 0 0000ff
2 23 0 0000ff
2 24 0 0000ff
2 25 0 0000ff
2 26 0 0000ff
2 27 0 0000ff
2 28 0 0000ff
2 29 0 0000ff
2 30 0 0000ff
2 31 0 0000ff
2 32 0 0000ff
2 33 0 0000ff
2 34 0 0000ff
2 35 0 0000ff
2 36 0 0000ff
2 37 0 0000ff
2 38 0 0000ff
2 39 0 0000ff
2 40 0 0000ff
2 41 0 0000ff
2 42 0 0000ff
2 43 0 0000ff
2 44 0 0000ff
2 45 0 0000ff
2 46 0 0000ff
2 47 0 0000ff
3 0 0 0000ff
3 1 0 0000ff
3 2 0 0000ff
3 3 0 0000ff
3 4 0 0000ff
3 5 0 0000ff
3 6 0 0000ff
3 7 0 0000ff
3 8 0 0000ff
3 9 0 0000ff
3 10 0 0000ff
3 11 0 0000ff
3 12 0 0000ff
3 13 0 0000ff
3 14 0 0000ff
3 15 0 0000ff
3 16 0 0000ff
3 17 0 0000ff
3 18 0 0000ff
3 19 0 0000ff
3 20 0 0000ff
3 21 0 0000ff
3 22 0 0000ff
3 23 0 0000ff
3 24 0 0000ff
3 25 0 0000ff
3 26 0 0000ff
3 27 0 0000ff
3 28 0 0000ff
3 29 0 0000ff
3 30 0 0000ff
3 31 0 0000ff
3 32 0 0000ff
3 33 0 0000ff
3 34 0 0000ff
3 35 0 0000ff
3 36 0 0000ff
3 37 0 0000ff
3 38 0 0000ff
3 39 0 0000ff
3 40 0 0000ff
3 41 0 0000ff
3 42 0 0000ff
3 43 0 0000ff
3 44 0 0000ff
3 45 0 0000ff
3 46 0 0000ff
3 47 0 0000ff
4 0 0 0000ff
4 1 0 0000ff
4 2 0 0000ff
4 3 0 0000ff
4 4 0 0000ff
4 5 0 0000ff
4 6 0 0000ff
4 7 0 0000ff
4 8 0 0000ff
4 9 0 0000ff
4 10 0 0000ff
4 11 0 0000ff
4 12 0 0000ff
4 13 0 0000ff
4 14 0 0000ff
4 15 0 0000ff
4 16 0 0000ff
4 17 0 0000ff
4 18 0 0000ff
4 19 0 0000ff
4 20 0 0000ff
4 21 0 0000ff
4 22 0 0000ff
4 23 0 0000ff
4 24 0 0000ff
4 25 0 0000ff
4 26 0 0000ff
4 27 0 0000ff
4 28 0 0000ff
4 29 0 0000ff
4 30 0 0000ff
4 31 0 0000ff
4 32 0 0000ff
4 33 0 0000ff
4 34 0 0000ff
4 35 0 0000ff
4 36 0 0000ff
4 37 0 0000ff
4 38 0 0000ff
4 39 0 0000ff
4 40 0 0000ff
4 41 0 0000ff
4 42 0 0000ff
4 43 0 0000ff
4 44 0 0000ff
4 45 0 0000ff
4 46 0 0000ff
4 47 0 0000ff
5 0 0 0000ff
5 1 0 0000ff
5 2 0 0000ff
5 3 0 0000ff
5 4 0 0000ff
5 5 0 0000ff
5 6 0 0000ff
5 7 0 0000ff
5 8 0 0000ff
5 9 0 0000ff
5 10 0 0000ff
5 11 0 0000ff
5 12 0 0000ff
5 13 0 0000ff
5 14 0 0000ff
5 15 0 0000ff
5 16 0 0000ff
5 17 0 0000ff
5 18 0 0000ff
5 19 0 0000ff
5 20 0 0000ff
5 21 0 0000ff
5 22 0 0000ff
5 23 0 0000ff
5 24 0 0000ff
5 25 0 0000ff
5 26 0 0000ff
5 27 0 0000ff
5 28 0 0000ff
5 29 0 0000ff
5 30 0 0000ff
5 31 0 0000ff
5 32 0 0000ff
5 33 0 0000ff
5 34 0 0000ff
5 35 0 0000ff
5 36 0 0000ff
5 37 0 0000ff
5 38 0 0000ff
5 39 0 0000ff
5 40 0 0000ff
5 41 0 0000ff
5 42 0 0000ff
5 43 0 0000ff
5 44 0 0000ff
5 45 0 0000ff
5 46 0 0000ff
5 47 0 0000ff
6 0 0 0000ff
6 1 0 0000ff
6 2 0 0000ff
6 3 0 0000ff
6 4 0 0000ff
6 5 0 0000ff
6 6 0 0000ff
6 7 0 0000ff
6 8 0 0000ff
6 9 0 0000ff
6 10 0 0000ff
6 11 0 0000ff
6 12 0 0000ff
6 13 0 0000ff
6 14 0 0000ff
6 15 0 0000ff
6 16 0 0000ff
6 17 0 0000ff
6 18 0 0000ff
6 19 0 0000ff
6 20 0 0000ff
6 21 0 0000ff
6 22 0 0000ff
6 23 0 0000ff
6 24 0 0000ff
6 25 0 0000ff
6 26 0 0000ff
6 27 0 0000ff
6 28 0 0000ff
6 29 0 0000ff
6 30 0 0000ff
6 31 0 0000ff
6 32 0 0000ff
6 33 0 0000ff
6 34 0 0000ff
6 35 0 0000ff
6 36 0 0000ff
6 37 0 0000ff
6 38 0 0000ff
6 39 0 0000ff
6 40 0 0000ff
6 41 0 0000ff
6 42 0 0000ff
6 43 0 0000ff
6 44 0 0000ff
6 45 0 0000ff
6 46 0 0000ff
6 47 0 0000ff
7 0 0 0000ff
7 1 0 0000ff
7 2 0 0000ff
7 3 0 0000ff
7 4 0 0000ff
7 5 0 0000ff
7 6 0 0000ff
7 7 0 0000ff
7 8 0 0000ff
7 9 0 0000ff
7 10 0 0000ff
7 11 0 0000ff
7 12 0 0000ff
7 13 0 0000ff
7 14 0 0000ff
7 15 0 0000ff
7 16 0 0000ff
7 17 0 0000ff
7 18 0 0000ff
7 19 0 0000ff
7 20 0 0000ff
7 21 0 0000ff
7 22 0 0000ff
7 23 0 0000ff
7 24 0 0000ff
7 25 0 0000ff
7 26 0 0000ff
7 27 0 0000ff
7 28 0 0000ff
7 29 0 0000ff
7 30 0 0000ff
7 31 0 0000ff
7 32 0 0000ff
7 33 0 0000ff
7 34 0 0000ff
7 35 0 0000ff
7 36 0 0000ff
7 37 0 0000ff
7 38 0 0000ff
7 39 0 0000ff
7 40 0 0000ff
7 41 0 0000ff
7 42 0 0000ff
7 43 0 0000ff
7 44 0 0000ff
7 45 0 0000ff
7 46 0 0000ff
7 47 0 0000ff
8 0 0 0000ff
8 1 0 0000ff
8 2 0 0000ff
8 3 0 0000ff
8 4 0 0000ff
8 5 0 0000ff
8 6 0 0000ff
8 7 0 0000ff
8 8 0 0000ff
8 9 0 0000ff
8 10 0 0000ff
8 11 0 0000ff
8 12 0 0000ff
8 13 0 0000ff
8 14 0 0000ff
8 15 0 0000ff
8 16 0 0000ff
8 17 0 0000ff
8 18 0 0000ff
8 19 0 0000ff
8 20 0 0000ff
8 21 0 0000ff
8 22 0 0000ff
8 23 0 0000ff
8 24 0 0000ff
8 25 0 0000ff
8 26 0 0000ff
8 27 0 0000ff
8 28 0 0000ff
8 29 0 0000ff
8 30 0 0000ff
8 31 0 0000ff
8 32 0 0000ff
8 33 0 0000ff
8 34 0 0000ff
8 35 0 0000ff
8 36 0 0000ff
8 37 0 0000ff
8 38 0 0000ff
8 39 0 0000ff
8 40 0 0000ff
8 41 0 0000ff
8 42 0 0000ff
8 43 0 0000ff
8 44 0 0000ff
8 45 0 0000ff
8 46 0 0000ff
8 47 0 0000ff
9 0 0 0000ff
9 1 0 0000ff
9 2 0 0000ff
9 3 0 0000ff
9 4 0 0000ff
9 5 0 0000ff
9 6 0 0000ff
9 7 0 0000ff
9 8 0 0000ff
9 9 0 0000ff
9 10 0 0000ff
9 11 0 0000ff
9 12 0 0000ff
9 13 0 0000ff
9 14 0 0000ff
9 15 0 0000ff
9 16 0 0000ff
9 17 0 0000ff
9 18 0 0000ff
9 19 0 0000ff
9 20 0 0000ff
9 21 0 0000ff
9 22 0 0000ff
9 23 0 0000ff
9 24 0 0000ff
9 25 0 0000ff
9 26 0 0000ff
9 27 0 0000ff
9 28 0 0000ff
9 29 0 0000ff
9 30 0 0000ff
9 31 0 0000ff
9 32 0 0000ff
9 33 0 0000ff
9 34 0 0000ff
9 35 0 0000ff
9 36 0 0000ff
9 37 0 0000ff
9 38 0 0000ff
9 39 0 0000ff
9 40 0 0000ff
9 41 0 0000ff
9 42 0 0000ff
9 43 0 0000ff
9 44 0 0000ff
9 45 0 0000ff
9 46 0 0000ff
9 47 0 0000ff
10 0 0 0000ff
10 1 0 0000ff
10 2 0 0000ff
10 3 0 0000ff
10 4 0 0000ff
10 5 0 0000ff
10 6 0 0000ff
10 7 0 0000ff
10 8 0 0000ff
10 9 0 0000ff
10 10 0 0000ff
10 11 0 0000ff
10 12 0 0000ff
10 13 0 0000ff
10 14 0 0000ff
10 15 0 0000ff
10 16 0 0000ff
10 17 0 0000ff
10 18 0 0000ff
10 19 0 0000ff
10 20 0 0000ff
10 21 0 0000ff
10 22 0 0000ff
10 23 0 0000ff
10 24 0 0000ff
10 25 0 0000ff
10 26 0 0000ff
10 27 0 0000ff
10 28 0 0000ff
10 29 0 0000ff
10 30 0 0000ff
10 31 0 0000ff
10 32 0 0000ff
10 33 0 0000ff
10 34 0 0000ff
10 35 0 0000ff
10 36 0 0000ff
10 37 0 0000ff
10 38 0 0000ff
10 39 0 0000ff
10 40 0 0000ff
10 41 0 0000ff
10 42 0 0000ff
10 43 0 0000ff
10 44 0 0000ff
10 45 0 0000ff
10 46 0 0000ff
10 47 0 0000ff
11 0 0 0000ff
11 1 0 0000ff
11 2 0 0000ff
11 3 0 0000ff
11 4 0 0000ff
11 5 0 0000ff
11 6 0 0000ff
11 7 0 0000ff
11 8 0 0000ff
11 9 0 0000ff
11 10 0 0000ff
11 11 0 0000ff
11 12 0 0000ff
11 13 0 0000ff
11 14 0 0000ff
11 15 0 0000ff
11 16 0 0000ff
11 17 0 0000ff
11 18 0 0000ff
11 19 0 0000ff
11 20 0 0000ff
11 21 0 0000ff
11 22 0 0000ff
11 23 0 0000ff
11 24 0 0000ff
11 25 0 0000ff
11 26 0 0000ff
11 27 0 0000ff
11 28 0 0000ff
11 29 0 0000ff
11 30 0 0000ff
11 31 0 0000ff
11 32 0 0000ff
11 33 0 0000ff
11 34 0 0000ff
11 35 0 0000ff
11 36 0 0000ff
11 37 0 0000ff
11 38 0 0000ff
11 39 0 0000ff
11 40 0 0000ff
11 41 0 0000ff
11 42 0 0000ff
11 43 0 0000ff
11 44 0 0000ff
11 45 0 0000ff
11 46 0 0000ff
11 47 0 0000ff
12 0 0 0000ff
12 1 0 0000ff
12 2 0 0000ff
12 3 0 0000ff
12 4 0 0000ff
12 5 0 0000ff
12 6 0 0000ff
12 7 0 0000ff
12 8 0 0000ff
12 9 0 0000ff
12 10 0 0000ff
12 11 0 0000ff
12 12 0 0000ff
12 13 0 0000ff
12 14 0 0000ff
12 15 0 0000ff
12 16 0 0000ff
12 17 0 0000ff
12 18 0 0000ff
12 19 0 0000ff
12 20 0 0000ff
12 21 0 0000ff
12 22 0 0000ff
12 23 0 0000ff
12 24 0 0000ff
12 25 0 0000ff
12 26 0 0000ff
12 27 0 0000ff
12 28 0 0000ff
12 29 0 0000ff
12 30 0 0000ff
12 31 0 0000ff
12 32 0 0000ff
12 33 0 0000ff
12 34 0 0000ff
12 35 0 0000ff
12 36 0 0000ff
12 37 0 0000ff
12 38 0 0000ff
12 39 0 0000ff
12 40 0 0000ff
12 41 0 0000ff
12 42 0 0000ff
12 43 0 0000ff
12 44 0 0000ff
12 45 0 0000ff
12 46 0 0000ff
12 47 0 0000ff
13 0 0 0000ff
13 1 0 0000ff
13 2 0 0000ff
13 3 0 0000ff
13 4 0 0000ff
13 5 0 0000ff
13 6 0 0000ff
13 7 0 0000ff
13 8 0 0000ff
13 9 0 0000ff
13 10 0 0000ff
13 11 0 0000ff
13 12 0 0000ff
13 13 0 0000ff
13 14 0 0000ff
13 15 0 0000ff
13 16 0 0000ff
13 17 0 0000ff
13 18 0 0000ff
13 19 0 0000ff
13 20 0 0000ff
13 21 0 0000ff
13 22 0 0000ff
13 23 0 0000ff
13 24 0 0000ff
13 25 0 0000ff
13 26 0 0000ff
13 27 0 0000ff
13 28 0 0000ff
13 29 0 0000ff
13 30 0 0000ff
13 31 0 0000ff
13 32 0 0000ff
13 33 0 0000ff
13 34 0 0000ff
13 35 0 0000ff
13 36 0 0000ff
13 37 0 0000ff
13 38 0 0000ff
13 39 0 0000ff
13 40 0 0000ff
13 41 0 0000ff
13 42 0 0000ff
13 43 0 0000ff
13 44 0 0000ff
13 45 0 0000ff
13 46 0 0000ff
13 47 0 0000ff
14 0 0 0000ff
14 1 0 0000ff
14 2 0 0000ff
14 3 0 0000ff
14 4 0 0000ff
14 5 0 0000ff
14 6 0 0000ff
14 7 0 0000ff
14 8 0 0000ff
14 9 0 0000ff
14 10 0 0000ff
14 11 0 0000ff
14 12 0 0000ff
14 13 0 0000ff
14 14 0 0000ff
14 15 0 0000ff
14 16 0 0000ff
14 17 0 0000ff
14 18 0 0000ff
14 19 0 0000ff
14 20 0 0000ff
14 21 0 0000ff
14 22 0 0000ff
14 23 0 0000ff
14 24 0 0000ff
14 25 0 0000ff
14 26 0 0000ff
14 27 0 0000ff
14 28 0 0000ff
14 29 0 0000ff
14 30 0 0000ff
14 31 0 0000ff
14 32 0 0000ff
14 33 0 0000ff
14 34 0 0000ff
14 35 0 0000ff
14 36 0 0000ff
14 37 0 0000ff
14 38 0 0000ff
14 39 0 0000ff
14 40 0 0000ff
14 41 0 0000ff
14 42 0 0000ff
14 43 0 0000ff
14 44 0 0000ff
14 45 0 0000ff
14 46 0 0000ff
14 47 0 0000ff
15 0 0 0000ff
15 1 0 0000ff
15 2 0 0000ff
15 3 0 0000ff
15 4 0 0000ff
15 5 0 0000ff
15 6 0 0000ff
15 7 0 0000ff
15 8 0 0000ff
15 9 0 0000ff
15 10 0 0000ff
15 11 0 0000ff
15 12 0 0000ff
15 13 0 0000ff
15 14 0 0000ff
15 15 0 0000ff
15 16 0 0000ff
15 17 0 0000ff
15 18 0 0000ff
15 19 0 0000ff
15 20 0 0000ff
15 21 0 0000ff
15 22 0 0000ff
15 23 0 0000ff
15 24 0 0000ff
15 25 0 0000ff
15 26 0 0000ff
15 27 0 0000ff
15 28 0 0000ff
15 29 0 0000ff
15 30 0 0000ff
15 31 0 0000ff
15 32 0 0000ff
15 33 0 0000ff
15 34 0 0000ff
15 35 0 0000ff
15 36 0 0000ff
15 37 0 0000ff
15 38 0 0000ff
15 39 0 0000ff
15 40 0 0000ff
15 41 0 0000ff
15 42 0 0000ff
15 43 0 0000ff
15 44 0 0000ff
15 45 0 0000ff
15 46 0 0000ff
15 47 0 0000ff
16 0 0 0000ff
16 1 0 0000ff
16 2 0 0000ff
16 3 0 0000ff
16 4 0 0000ff
16 5 0 0000ff
16 6 0 0000ff
16 7 0 0000ff
16 8 0 0000ff
16 9 0 0000ff
16 10 0 0000ff
16 11 0 0000ff
16 12 0 0000ff
16 13 0 0000ff
16 14 0 0000ff
16 15 0 0000ff
16 16 0 0000ff
16 17 0 0000ff
16 18 0 0000ff
16 19 0 0000ff
16 20 0 0000ff
16 21 0 0000ff
16 22 0 0000ff
16 23 0 0000ff
16 24 0 0000ff
16 25 0 0000ff
16 26 0 0000ff
16 27 0 0000ff
16 28 0 0000ff
16 29 0 0000ff
16 30 0 0000ff
16 31 0 0000ff
16 32 0 0000ff
16 33 0 0000ff
16 34 0 0000ff
16 35 0 0000ff
16 36 0 0000ff
16 37 0 0000ff
16 38 0 0000ff
16 39 0 0000ff
16 40 0 0000ff
16 41 0 0000ff
16 42 0 0000ff
16 43 0 0000ff
16 44 0 0000ff
16 45 0 0000ff
16 46 0 0000ff
16 47 0 0000ff
17 0 0 0000ff
17 1 0 0000ff
17 2 0 0000ff
17 3 0 0000ff
17 4 0 0000ff
17 5 0 0000ff
17 6 0 0000ff
17 7 0 0000ff
17 8 0 0000ff
17 9 0 0000ff
17 10 0 0000ff
17 11 0 0000ff
17 12 0 0000ff
17 13 0 0000ff
17 14 0 0000ff
17 15 0 0000ff
17 16 0 0000ff
17 17 0 0000ff
17 18 0 0000ff
17 19 0 0000ff
17 20 0 0000ff
17 21 0 0000ff
17 22 0 0000ff
17 23 0 0000ff
17 24 0 0000ff
17 25 0 0000ff
17 26 0 0000ff
17 27 0 0000ff
17 28 0 0000ff
17 29 0 0000ff
17 30 0 0000ff
17 31 0 0000ff
17 32 0 0000ff
17 33 0 0000ff
17 34 0 0000ff
17 35 0 0000ff
17 36 0 0000ff
17 37 0 0000ff
17 38 0 0000ff
17 39 0 0000ff
17 40 0 0000ff
17 41 0 0000ff
17 42 0 0000ff
17 43 0 0000ff
17 44 0 0000ff
17 45 0 0000ff
17 46 0 0000ff
17 47 0 0000ff
18 0 0 0000ff
18 1 0 0000ff
18 2 0 0000ff
18 3 0 0000ff
18 4 0 0000ff
18 5 0 0000ff
18 6 0 0000ff
18 7 0 0000ff
18 8 0 0000ff
18 9 0 0000ff
18 10 0 0000ff
18 11 0 0000ff
18 12 0 0000ff
18 13 0 0000ff
18 14 0 0000ff
18 15 0 0000ff
18 16 0 0000ff
18 17 0 0000ff
18 18 0 0000ff
18 19 0 0000ff
18 20 0 0000ff
18 21 0 0000ff
18 22 0 0000ff
18 23 0 0000ff
18 24 0 0000ff
18 25 0 0000ff
18 26 0 0000ff
18 27 0 0000ff
18 28 0 0000ff
18 29 0 0000ff
18 30 0 0000ff
18 31 0 0000ff
18 32 0 0000ff
18 33 0 0000ff
18 34 0 0000ff
18 35 0 0000ff
18 36 0 0000ff
18 37 0 0000ff
18 38 0 0000ff
18 39 0 0000ff
18 40 0 0000ff
18 41 0 0000ff
18 42 0 0000ff
18 43 0 0000ff
18 44 0 0000ff
18 45 0 0000ff
18 46 0 0000ff
18 47 0 0000ff
19 0 0 0000ff
19 1 0 0000ff
19 2 0 0000ff
19 3 0 0000ff
19 4 0 0000ff
19 5 0 0000ff
19 6 0 0000ff
19 7 0 0000ff
19 8 0 0000ff
19 9 0 0000ff
19 10 0 0000ff
19 11 0 0000ff
19 12 0 0000ff
19 13 0 0000ff
19 14 0 0000ff
19 15 0 0000ff
19 16 0 0000ff
19 17 0 0000ff
19 18 0 0000ff
19 19 0 0000ff
19 20 0 0000ff
19 21 0 0000ff
19 22 0 0000ff
19 23 0 0000ff
19 24 0 0000ff
19 25 0 0000ff
19 26 0 0000ff
19 27 0 0000ff
19 28 0 0000ff
19 29 0 0000ff
19 30 0 0000ff
19 31 0 0000ff
19 32 0 0000ff
19 33 0 0000ff
19 34 0 0000ff
19 35 0 0000ff
19 36 0 0000ff
19 37 0 0000ff
19 38 0 0000ff
19 39 0 0000ff
19 40 0 0000ff
19 41 0 0000ff
19 42 0 0000ff
19 43 0 0000ff
19 44 0 0000ff
19 45 0 0000ff
19 46 0 0000ff
19 47 0 0000ff
20 0 0 0000ff
20 1 0 0000ff
20 2 0 0000ff
20 3 0 0000ff
20 4 0 0000ff
20 5 0 0000ff
20 6 0 0000ff
20 7 0 0000ff
20 8 0 0000ff
20 9 0 0000ff
20 10 0 0000ff
20 11 0 0000ff
20 12 0 0000ff
20 13 0 0000ff
20 14 0 0000ff
20 15 0 0000ff
20 16 0 0000ff
20 17 0 0000ff
20 18 0 0000ff
20 19 0 0000ff
20 20 0 0000ff
20 21 0 0000ff
20 22 0 0000ff
20 23 0 0000ff
20 24 0 0000ff
20 25 0 0000ff
20 26 0 0000ff
20 27 0 0000ff
20 28 0 0000ff
20 29 0 0000ff
20 30 0 0000ff
20 31 0 0000ff
20 32 0 0000ff
20 33 0 0000ff
20 34 0 0000ff
20 35 0 0000ff
20 36 0 0000ff
20 37 0 0000ff
20 38 0 0000ff
20 39 0 0000ff
20 40 0 0000ff
20 41 0 0000ff
20 42 0 0000ff
20 43 0 0000ff
20 44 0 0000ff
20 45 0 0000ff
20 46 0 0000ff
20 47 0 0000ff
21 0 0 0000ff
21 1 0 0000ff
21 2 0 0000ff
21 3 0 0000ff
21 4 0 0000ff
21 5 0 0000ff
21 6 0 0000ff
21 7 0 0000ff
21 8 0 0000ff
21 9 0 0000ff
21 10 0 0000ff
21 11 0 0000ff
21 12 0 0000ff
21 13 0 0000ff
21 14 0 0000ff
21 15 0 0000ff
21 16 0 0000ff
21 17 0 0000ff
21 18 0 0000ff
21 19 0 0000ff
21 20 0 0000ff
21 21 0 0000ff
21 22 0 0000ff
21 23 0 0000ff
21 24 0 0000ff
21 25 0 0000ff
21 26 0 0000ff
21 27 0 0000ff
21 28 0 0000ff
21 29 0 0000ff
21 30 0 0000ff
21 31 0 0000ff
21 32 0 0000ff
21 33 0 0000ff
21 34 0 0000ff
21 35 0 0000ff
21 36 0 0000ff
21 37 0 0000ff
21 38 0 0000ff
21 39 0 0000ff
21 40 0 0000ff
21 41 0 0000ff
21 42 0 0000ff
21 43 0 0000ff
21 44 0 0000ff
21 45 0 0000ff
21 46 0 0000ff
21 47 0 0000ff
22 0 0 0000ff
22 1 0 0000ff
22 2 0 0000ff
22 3 0 0000ff
22 4 0 0000ff
22 5 0 0000ff
22 6 0 0000ff
22 7 0 0000ff
22 8 0 0000ff
22 9 0 0000ff
22 10 0 0000ff
22 11 0 0000ff
22 12 0 0000ff
22 13 0 0000ff
22 14 0 0000ff
22 15 0 0000ff
22 16 0 0000ff
22 17 0 0000ff
22 18 0 0000ff
22 19 0 0000ff
22 20 0 0000ff
22 21 0 0000ff
22 22 0 0000ff
22 23 0 0000ff
22 24 0 0000ff
22 25 0 0000ff
22 26 0 0000ff
22 27 0 0000ff
22 28 0 0000ff
22 29 0 0000ff
22 30 0 0000ff
22 31 0 0000ff
22 32 0 0000ff
22 33 0 0000ff
22 34 0 0000ff
22 35 0 0000ff
22 36 0 0000ff
22 37 0 0000ff
22 38 0 0000ff
22 39 0 0000ff
22 40 0 0000ff
22 41 0 0000ff
22 42 0 0000ff
22 43 0 0000ff
22 44 0 0000ff
22 45 0 0000ff
22 46 0 0000ff
22 47 0 0000ff
23 0 0 0000ff
23 1 0 0000ff
23 2 0 0000ff
23 3 0 0000ff
23 4 0 0000ff
23 5 0 0000ff
23 6 0 0000ff
23 7 0 0000ff
23 8 0 0000ff
23 9 0 0000ff
23 10 0 0000ff
23 11 0 0000ff
23 12 0 0000ff
23 13 0 0000ff
23 14 0 0000ff
23 15 0 0000ff
23 16 0 0000ff
23 17 0 0000ff
23 18 0 0000ff
23 19 0 0000ff
23 20 0 0000ff
23 21 0 0000ff
23 22 0 0000ff
23 23 0 0000ff
23 24 0 0000ff
23 25 0 0000ff
23 26 0 0000ff
23 27 0 0000ff
23 28 0 0000ff
23 29 0 0000ff
23 30 0 0000ff
23 31 0 0000ff
23 32 0 0000ff
23 33 0 0000ff
23 34 0 0000ff
23 35 0 0000ff
23 36 0 0000ff
23 37 0 0000ff
23 38 0 0000ff
23 39 0 0000ff
23 40 0 0000ff
23 41 0 0000ff
23 42 0 0000ff
23 43 0 0000ff
23 44 0 0000ff
23 45 0 0000ff
23 46 0 0000ff
23 47 0 0000ff
24 0 0 0000ff
24 1 0 0000ff
24 2 0 0000ff
24 3 0 0000ff
24 4 0 0000ff
24 5 0 0000ff
24 6 0 0000ff
24 7 0 0000ff
24 8 0 0000ff
24 9 0 0000ff
24 10 0 0000ff
24 11 0 0000ff
24 12 0 0000ff
24 13 0 0000ff
24 14 0 0000ff
24 15 0 0000ff
24 16 0 0000ff
24 17 0 0000ff
24 18 0 0000ff
24 19 0 0000ff
24 20 0 0000ff
24 21 0 0000ff
24 22 0 0000ff
24 23 0 0000ff
24 24 0 0000ff
24 25 0 0000ff
24 26 0 0000ff
24 27 0 0000ff
24 28 0 0000ff
24 29 0 0000ff
24 30 0 0000ff
24 31 0 0000ff
24 32 0 0000ff
24 33 0 0000ff
24 34 0 0000ff
24 35 0 0000ff
24 36 0 0000ff
24 37 0 0000ff
24 38 0 0000ff
24 39 0 0000ff
24 40 0 0000ff
24 41 0 0000ff
24 42 0 0000ff
24 43 0 0000ff
24 44 0 0000ff
24 45 0 0000ff
24 46 0 0000ff
24 47 0 0000ff
25 0 0 0000ff
25 1 0 0000ff
25 2 0 0000ff
25 3 0 0000ff
25 4 0 0000ff
25 5 0 0000ff
25 6 0 0000ff
25 7 0 0000ff
25 8 0 0000ff
25 9 0 0000ff
25 10 0 0000ff
25 11 0 0000ff
25 12 0 0000ff
25 13 0 0000ff
25 14 0 0000ff
25 15 0 0000ff
25 16 0 0000ff
25 17 0 0000ff
25 18 0 0000ff
25 19 0 0000ff
25 20 0 0000ff
25 21 0 0000ff
25 22 0 0000ff
25 23 0 0000ff
25 24 0 0000ff
25 25 0 0000ff
25 26 0 0000ff
25 27 0 0000ff
25 28 0 0000ff
25 29 0 0000ff
25 30 0 0000ff
25 31 0 0000ff
25 32 0 0000ff
25 33 0 0000ff
25 34 0 0000ff
25 35 0 0000ff
25 36 0 0000ff
25 37 0 0000ff
25 38 0 0000ff
25 39 0 0000ff
25 40 0 0000ff
25 41 0 0000ff
25 42 0 0000ff
25 43 0 0000ff
25 44 0 0000ff
25 45 0 0000ff
25 46 0 0000ff
25 47 0 0000ff
26 0 0 0000ff
26 1 0 0000ff
26 2 0 0000ff
26 3 0 0000ff
26 4 0 0000ff
26 5 0 0000ff
26 6 0 0000ff
26 7 0 0000ff
26 8 0 0000ff
26 9 0 0000ff
26 10 0 0000ff
26 11 0 0000ff
26 12 0 0000ff
26 13 0 0000ff
26 14 0 0000ff
26 15 0 0000ff
26 16 0 0000ff
26 17 0 0000ff
26 18 0 0000ff
26 19 0 0000ff
26 20 0 0000ff
26 21 0 0000ff
26 22 0 0000ff
26 23 0 0000ff
26 24 0 0000ff
26 25 0 0000ff
26 26 0 0000ff
26 27 0 0000ff
26 28 0 0000ff
26 29 0 0000ff
26 30 0 0000ff
26 31 0 0000ff
26 32 0 0000ff
26 33 0 0000ff
26 34 0 0000ff
26 35 0 0000ff
26 36 0 0000ff
26 37 0 0000ff
26 38 0 0000ff
26 39 0 0000ff
26 40 0 0000ff
26 41 0 0000ff
26 42 0 0000ff
26 43 0 0000ff
26 44 0 0000ff
26 45 0 0000ff
26 46 0 0000ff
26 47 0 0000ff
27 0 0 0000ff
27 1 0 0000ff
27 2 0 0000ff
27 3 0 0000ff
27 4 0 0000ff
27 5 0 0000ff
27 6 0 0000ff
27 7 0 0000ff
27 8 0 0000ff
27 9 0 0000ff
27 10 0 0000ff
27 11 0 0000ff
27 12 0 0000ff
27 13 0 0000ff
27 14 0 0000ff
27 15 0 0000ff
27 16 0 0000ff
27 17 0 0000ff
27 18 0 0000ff
27 19 0 0000ff
27 20 0 0000ff
27 21 0 0000ff
27 22 0 0000ff
27 23 0 0000ff
27 24 0 0000ff
27 25 0 0000ff
27 26 0 0000ff
27 27 0 0000ff
27 28 0 0000ff
27 29 0 0000ff
27 30 0 0000ff
27 31 0 0000ff
27 32 0 0000ff
27 33 0 0000ff
27 34 0 0000ff
27 35 0 0000ff
27 36 0 0000ff
27 37 0 0000ff
27 38 0 0000ff
27 39 0 0000ff
27 40 0 0000ff
27 41 0 0000ff
27 42 0 0000ff
27 43 0 0000ff
27 44 0 0000ff
27 45 0 0000ff
27 46 0 0000ff
27 47 0 0000ff
28 0 0 0000ff
28 1 0 0000ff
28 2 0 0000ff
28 3 0 0000ff
28 4 0 0000ff
28 5 0 0000ff
28 6 0 0000ff
28 7 0 0000ff
28 8 0 0000ff
28 9 0 0000ff
28 10 0 0000ff
28 11 0 0000ff
28 12 0 0000ff
28 13 0 0000ff
28 14 0 0000ff
28 15 0 0000ff
28 16 0 0000ff
28 17 0 0000ff
28 18 0 0000ff
28 19 0 0000ff
28 20 0 0000ff
28 21 0 0000ff
28 22 0 0000ff
28 23 0 0000ff
28 24 0 0000ff
28 25 0 0000ff
28 26 0 0000ff
28 27 0 0000ff
28 28 0 0000ff
28 29 0 0000ff
28 30 0 0000ff
28 31 0 0000ff
28 32 0 0000ff
28 33 0 0000ff
28 34 0 0000ff
28 35 0 0000ff
28 36 0 0000ff
28 37 0 0000ff
28 38 0 0000ff
28 39 0 0000ff
28 40 0 0000ff
28 41 0 0000ff
28 42 0 0000ff
28 43 0 0000ff
28 44 0 0000ff
28 45 0 0000ff
28 46 0 0000ff
28 47 0 0000ff
29 0 0 0000ff
29 1 0 0000ff
29 2 0 0000ff
29 3 0 0000ff
29 4 0 0000ff
29 5 0 0000ff
29 6 0 0000ff
29 7 0 0000ff
29 8 0 0000ff
29 9 0 0000ff
29 10 0 0000ff
29 11 0 0000ff
29 12 0 0000ff
29 13 0 0000ff
29 14 0 0000ff
29 15 0 0000ff
29 16 0 0000ff
29 17 0 0000ff
29 18 0 0000ff
29 19 0 0000ff
29 20 0 0000ff
29 21 0 0000ff
29 22 0 0000ff
29 23 0 0000ff
29 24 0 0000ff
29 25 0 0000ff
29 26 0 0000ff
29 27 0 0000ff
29 28 0 0000ff
29 29 0 0000ff
29 30 0 0000ff
29 31 0 0000ff
29 32 0 0000ff
29 33 0 0000ff
29 34 0 0000ff
29 35 0 0000ff
29 36 0 0000ff
29 37 0 0000ff
29 38 0 0000ff
29 39 0 0000ff
29 40 0 0000ff
29 41 0 0000ff
29 42 0 0000ff
29 43 0 0000ff
29 44 0 0000ff
29 45 0 0000ff
29 46 0 0000ff
29 47 0 0000ff
30 0 0 0000ff
30 1 0 0000ff
30 2 0 0000ff
30 3 0 0000ff
30 4 0 0000ff
30 5 0 0000ff
30 6 0 0000ff
30 7 0 0000ff
30 8 0 0000ff
30 9 0 0000ff
30 10 0 0000ff
30 11 0 0000ff
30 12 0 0000ff
30 13 0 0000ff
30 14 0 0000ff
30 15 0 0000ff
30 16 0 0000ff
30 17 0 0000ff
30 18 0 0000ff
30 19 0 0000ff
30 20 0 0000ff
30 21 0 0000ff
30 22 0 0000ff
30 23 0 0000ff
30 24 0 0000ff
30 25 0 0000ff
30 26 0 0000ff
30 27 0 0000ff
30 28 0 0000ff
30 29 0 0000ff
30 30 0 0000ff
30 31 0 0000ff
30 32 0 0000ff
30 33 0 0000ff
30 34 0 0000ff
30 35 0 0000ff
30 36 0 0000ff
30 37 0 0000ff
30 38 0 0000ff
30 39 0 0000ff
30 40 0 0000ff
30 41 0 0000ff
30 42 0 0000ff
30 43 0 0000ff
30 44 0 0000ff
30 45 0 0000ff
30 46 0 0000ff
30 47 0 0000ff
31 0 0 0000ff
31 1 0 0000ff
31 2 0 0000ff
31 3 0 0000ff
31 4 0 0000ff
31 5 0 0000ff
31 6 0 0000ff
31 7 0 0000ff
31 8 0 0000ff
31 9 0 0000ff
31 10 0 0000ff
31 11 0 0000ff
31 12 0 0000ff
31 13 0 0000ff
31 14 0 0000ff
31 15 0 0000ff
31 16 0 0000ff
31 17 0 0000ff
31 18 0 0000ff
31 19 0 0000ff
31 20 0 0000ff
31 21 0 0000ff
31 22 0 0000ff
31 23 0 0000ff
31 24 0 0000ff
31 25 0 0000ff
31 26 0 0000ff
31 27 0 0000ff
31 28 0 0000ff
31 29 0 0000ff
31 30 0 0000ff
31 31 0 0000ff
31 32 0 0000ff
31 33 0 0000ff
31 34 0 0000ff
31 35 0 0000ff
31 36 0 0000ff
31 37 0 0000ff
31 38 0 0000ff
31 39 0 0000ff
31 40 0 0000ff
31 41 0 0000ff
31 42 0 0000ff
31 43 0 0000ff
31 44 0 0000ff
31 45 0 0000ff
31 46 0 0000ff
31 47 0 0000ff
32 0 0 0000ff
32 1 0 0000ff
32 2 0 0000ff
32 3 0 0000ff
32 4 0 0000ff
32 5 0 0000ff
32 6 0 0000ff
32 7 0 0000ff
32 8 0 0000ff
32 9 0 0000ff
32 10 0 0000ff
32 11 0 0000ff
32 12 0 0000ff
32 13 0 0000ff
32 14 0 0000ff
32 15 0 0000ff
32 16 0 0000ff
32 17 0 0000ff
32 18 0 0000ff
32 19 0 0000ff
32 20 0 0000ff
32 21 0 0000ff
32 22 0 0000ff
32 23 0 0000ff
32 24 0 0000ff
32 25 0 0000ff
32 26 0 0000ff
32 27 0 0000ff
32 28 0 0000ff
32 29 0 0000ff
32 30 0 0000ff
32 31 0 0000ff
32 32 0 0000ff
32 33 0 0000ff
32 34 0 0000ff
32 35 0 0000ff
32 36 0 0000ff
32 37 0 0000ff
32 38 0 0000ff
32 39 0 0000ff
32 40 0 0000ff
32 41 0 0000ff
32 42 0 0000ff
32 43 0 0000ff
32 44 0 0000ff
32 45 0 0000ff
32 46 0 0000ff
32 47 0 0000ff
33 0 0 0000ff
33 1 0 0000ff
33 2 0 0000ff
33 3 0 0000ff
33 4 0 0000ff
33 5 0 0000ff
33 6 0 0000ff
33 7 0 0000ff
33 8 0 0000ff
33 9 0 0000ff
33 10 0 0000ff
33 11 0 0000ff
33 12 0 0000ff
33 13 0 0000ff
33 14 0 0000ff
33 15 0 0000ff
33 16 0 0000ff
33 17 0 0000ff
33 18 0 0000ff
33 19 0 0000ff
33 20 0 0000ff
33 21 0 0000ff
33 22 0 0000ff
33 23 0 0000ff
33 24 0 0000ff
33 25 0 0000ff
33 26 0 0000ff
33 27 0 0000ff
33 28 0 0000ff
33 29 0 0000ff
33 30 0 0000ff
33 31 0 0000ff
33 32 0 0000ff
33 33 0 0000ff
33 34 0 0000ff
33 35 0 0000ff
33 36 0 0000ff
33 37 0 0000ff
33 38 0 0000ff
33 39 0 0000ff
33 40 0 0000ff
33 41 0 0000ff
33 42 0 0000ff
33 43 0 0000ff
33 44 0 0000ff
33 45 0 0000ff
33 46 0 0000ff
33 47 0 0000ff
34 0 0 0000ff
34 1 0 0000ff
34 2 0 0000ff
34 3 0 0000ff
34 4 0 0000ff
34 5 0 0000ff
34 6 0 0000ff
34 7 0 0000ff
34 8 0 0000ff
34 9 0 0000ff
34 10 0 0000ff
34 11 0 0000ff
34 12 0 0000ff
34 13 0 0000ff
34 14 0 0000ff
34 15 0 0000ff
34 16 0 0000ff
34 17 0 0000ff
34 18 0 0000ff
34 19 0 0000ff
34 20 0 0000ff
34 21 0 0000ff
34 22 0 0000ff
34 23 0 0000ff
34 24 0 0000ff
34 25 0 0000ff
34 26 0 0000ff
34 27 0 0000ff
34 28 0 0000ff
34 29 0 0000ff
34 30 0 0000ff
34 31 0 0000ff
34 32 0 0000ff
34 33 0 0000ff
34 34 0 0000ff
34 35 0 0000ff
34 36 0 0000ff
34 37 0 0000ff
34 38 0 0000ff
34 39 0 0000ff
34 40 0 0000ff
34 41 0 0000ff
34 42 0 0000ff
34 43 0 0000ff
34 44 0 0000ff
34 45 0 0000ff
34 46 0 0000ff
34 47 0 0000ff
35 0 0 0000ff
35 1 0 0000ff
35 2 0 0000ff
35 3 0 0000ff
35 4 0 0000ff
35 5 0 0000ff
35 6 0 0000ff
35 7 0 0000ff
35 8 0 0000ff
35 9 0 0000ff
35 10 0 0000ff
35 11 0 0000ff
35 12 0 0000ff
35 13 0 0000ff
35 14 0 0000ff
35 15 0 0000ff
35 16 0 0000ff
35 17 0 0000ff
35 18 0 0000ff
35 19 0 0000ff
35 20 0 0000ff
35 21 0 0000ff
35 22 0 0000ff
35 23 0 0000ff
35 24 0 0000ff
35 25 0 0000ff
35 26 0 0000ff
35 27 0 0000ff
35 28 0 0000ff
35 29 0 0000ff
35 30 0 0000ff
35 31 0 0000ff
35 32 0 0000ff
35 33 0 0000ff
35 34 0 0000ff
35 35 0 0000ff
35 36 0 0000ff
35 37 0 0000ff
35 38 0 0000ff
35 39 0 0000ff
35 40 0 0000ff
35 41 0 0000ff
35 42 0 0000ff
35 43 0 0000ff
35 44 0 0000ff
35 45 0 0000ff
35 46 0 0000ff
35 47 0 0000ff
36 0 0 0000ff
36 1 0 0000ff
36 2 0 0000ff
36 3 0 0000ff
36 4 0 0000ff
36 5 0 0000ff
36 6 0 0000ff
36 7 0 0000ff
36 8 0 0000ff
36 9 0 0000ff
36 10 0 0000ff
36 11 0 0000ff
36 12 0 0000ff
36 13 0 0000ff
36 14 0 0000ff
36 15 0 0000ff
36 16 0 0000ff
36 17 0 0000ff
36 18 0 0000ff
36 19 0 0000ff
36 20 0 0000ff
36 21 0 0000ff
36 22 0 0000ff
36 23 0 0000ff
36 24 0 0000ff
36 25 0 0000ff
36 26 0 0000ff
36 27 0 0000ff
36 28 0 0000ff
36 29 0 0000ff
36 30 0 0000ff
36 31 0 0000ff
36 32 0 0000ff
36 33 0 0000ff
36 34 0 0000ff
36 35 0 0000ff
36 36 0 0000ff
36 37 0 0000ff
36 38 0 0000ff
36 39 0 0000ff
36 40 0 0000ff
36 41 0 0000ff
36 42 0 0000ff
36 43 0 0000ff
36 44 0 0000ff
36 45 0 0000ff
36 46 0 0000ff
36 47 0 0000ff
37 0 0 0000ff
37 1 0 0000ff
37 2 0 0000ff
37 3 0 0000ff
37 4 0 0000ff
37 5 0 0000ff
37 6 0 0000ff
37 7 0 0000ff
37 8 0 0000ff
37 9 0 0000ff
37 10 0 0000ff
37 11 0 0000ff
37 12 0 0000ff
37 13 0 0000ff
37 14 0 0000ff
37 15 0 0000ff
37 16 0 0000ff
37 17 0 0000ff
37 18 0 0000ff
37 19 0 0000ff
37 20 0 0000ff
37 21 0 0000ff
37 22 0 0000ff
37 23 0 0000ff
37 24 0 0000ff
37 25 0 0000ff
37 26 0 0000ff
37 27 0 0000ff
37 28 0 0000ff
37 29 0 0000ff
37 30 0 0000ff
37 31 0 0000ff
37 32 0 0000ff
37 33 0 0000ff
37 34 0 0000ff
37 35 0 0000ff
37 36 0 0000ff
37 37 0 0000ff
37 38 0 0000ff
37 39 0 0000ff
37 40 0 0000ff
37 41 0 0000ff
37 42 0 0000ff
37 43 0 0000ff
37 44 0 0000ff
37 45 0 0000ff
37 46 0 0000ff
37 47 0 0000ff
38 0 0 0000ff
38 1 0 0000ff
38 2 0 0000ff
38 3 0 0000ff
38 4 0 0000ff
38 5 0 0000ff
38 6 0 0000ff
38 7 0 0000ff
38 8 0 0000ff
38 9 0 0000ff
38 10 0 0000ff
38 11 0 0000ff
38 12 0 0000ff
38 13 0 0000ff
38 14 0 0000ff
38 15 0 0000ff
38 16 0 0000ff
38 17 0 0000ff
38 18 0 0000ff
38 19 0 0000ff
38 20 0 0000ff
38 21 0 0000ff
38 22 0 0000ff
38 23 0 0000ff
38 24 0 0000ff
38 25 0 0000ff
38 26 0 0000ff
38 27 0 0000ff
38 28 0 0000ff
38 29 0 0000ff
38 30 0 0000ff
38 31 0 0000ff
38 32 0 0000ff
38 33 0 0000ff
38 34 0 0000ff
38 35 0 0000ff
38 36 0 0000ff
38 37 0 0000ff
38 38 0 0000ff
38 39 0 0000ff
38 40 0 0000ff
38 41 0 0000ff
38 42 0 0000ff
38 43 0 0000ff
38 44 0 0000ff
38 45 0 0000ff
38 46 0 0000ff
38 47 0 0000ff
39 0 0 0000ff
39 1 0 0000ff
39 2 0 0000ff
39 3 0 0000ff
39 4 0 0000ff
39 5 0 0000ff
39 6 0 0000ff
39 7 0 0000ff
39 8 0 0000ff
39 9 0 0000ff
39 10 0 0000ff
39 11 0 0000ff
39 12 0 0000ff
39 13 0 0000ff
39 14 0 0000ff
39 15 0 0000ff
39 16 0 0000ff
39 17 0 0000ff
39 18 0 0000ff
39 19 0 0000ff
39 20 0 0000ff
39 21 0 0000ff
39 22 0 0000ff
39 23 0 0000ff
39 24 0 0000ff
39 25 0 0000ff
39 26 0 0000ff
39 27 0 0000ff
39 28 0 0000ff
39 29 0 0000ff
39 30 0 0000ff
39 31 0 0000ff
39 32 0 0000ff
39 33 0 0000ff
39 34 0 0000ff
39 35 0 0000ff
39 36 0 0000ff
39 37 0 0000ff
39 38 0 0000ff
39 39 0 0000ff
39 40 0 0000ff
39 41 0 0000ff
39 42 0 0000ff
39 43 0 0000ff
39 44 0 0000ff
39 45 0 0000ff
39 46 0 0000ff
39 47 0 0000ff
40 0 0 0000ff
40 1 0 0000ff
40 2 0 0000ff
40 3 0 0000ff
40 4 0 0000ff
40 5 0 0000ff
40 6 0 0000ff
40 7 0 0000ff
40 8 0 0000ff
40 9 0 0000ff
40 10 0 0000ff
40 11 0 0000ff
40 12 0 0000ff
40 13 0 0000ff
40 14 0 0000ff
40 15 0 0000ff
40 16 0 0000ff
40 17 0 0000ff
40 18 0 0000ff
40 19 0 0000ff
40 20 0 0000ff
40 21 0 0000ff
40 22 0 0000ff
40 23 0 0000ff
40 24 0 0000ff
40 25 0 0000ff
40 26 0 0000ff
40 27 0 0000ff
40 28 0 0000ff
40 29 0 0000ff
40 30 0 0000ff
40 31 0 0000ff
40 32 0 0000ff
40 33 0 0000ff
40 34 0 0000ff
40 35 0 0000ff
40 36 0 0000ff
40 37 0 0000ff
40 38 0 0000ff
40 39 0 0000ff
40 40 0 0000ff
40 41 0 0000ff
40 42 0 0000ff
40 43 0 0000ff
40 44 0 0000ff
40 45 0 0000ff
40 46 0 0000ff
40 47 0 0000ff
41 0 0 0000ff
41 1 0 0000ff
41 2 0 0000ff
41 3 0 0000ff
41 4 0 0000ff
41 5 0 0000ff
41 6 0 0000ff
41 7 0 0000ff
41 8 0 0000ff
41 9 0 0000ff
41 10 0 0000ff
41 11 0 0000ff
41 12 0 0000ff
41 13 0 0000ff
41 14 0 0000ff
41 15 0 0000ff
41 16 0 0000ff
41 17 0 0000ff
41 18 0 0000ff
41 19 0 0000ff
41 20 0 0000ff
41 21 0 0000ff
41 22 0 0000ff
41 23 0 0000ff
41 24 0 0000ff
41 25 0 0000ff
41 26 0 0000ff
41 27 0 0000ff
41 28 0 0000ff
41 29 0 0000ff
41 30 0 0000ff
41 31 0 0000ff
41 32 0 0000ff
41 33 0 0000ff
41 34 0 0000ff
41 35 0 0000ff
41 36 0 0000ff
41 37 0 0000ff
41 38 0 0000ff
41 39 0 0000ff
41 40 0 0000ff
41 41 0 0000ff
41 42 0 0000ff
41 43 0 0000ff
41 44 0 0000ff
41 45 0 0000ff
41 46 0 0000ff
41 47 0 0000ff
42 0 0 0000ff
42 1 0 0000ff
42 2 0 0000ff
42 3 0 0000ff
42 4 0 0000ff
42 5 0 0000ff
42 6 0 0000ff
42 7 0 0000ff
42 8 0 0000ff
42 9 0 0000ff
42 10 0 0000ff
42 11 0 0000ff
42 12 0 0000ff
42 13 0 0000ff
42 14 0 0000ff
42 15 0 0000ff
42 16 0 0000ff
42 17 0 0000ff
42 18 0 0000ff
42 19 0 0000ff
42 20 0 0000ff
42 21 0 0000ff
42 22 0 0000ff
42 23 0 0000ff
42 24 0 0000ff
42 25 0 0000ff
42 26 0 0000ff
42 27 0 0000ff
42 28 0 0000ff
42 29 0 0000ff
42 30 0 0000ff
42 31 0 0000ff
42 32 0 0000ff
42 33 0 0000ff
42 34 0 0000ff
42 35 0 0000ff
42 36 0 0000ff
42 37 0 0000ff
42 38 0 0000ff
42 39 0 0000ff
42 40 0 0000ff
42 41 0 0000ff
42 42 0 0000ff
42 43 0 0000ff
42 44 0 0000ff
42 45 0 0000ff
42 46 0 0000ff
42 47 0 0000ff
43 0 0 0000ff
43 1 0 0000ff
43 2 0 0000ff
43 3 0 0000ff
43 4 0 0000ff
43 5 0 0000ff
43 6 0 0000ff
43 7 0 0000ff
43 8 0 0000ff
43 9 0 0000ff
43 10 0 0000ff
43 11 0 0000ff
43 12 0 0000ff
43 13 0 0000ff
43 14 0 0000ff
43 15 0 0000ff
43 16 0 0000ff
43 17 0 0000ff
43 18 0 0000ff
43 19 0 0000ff
43 20 0 0000ff
43 21 0 0000ff
43 22 0 0000ff
43 23 0 0000ff
43 24 0 0000ff
43 25 0 0000ff
43 26 0 0000ff
43 27 0 0000ff
43 28 0 0000ff
43 29 0 0000ff
43 30 0 0000ff
43 31 0 0000ff
43 32 0 0000ff
43 33 0 0000ff
43 34 0 0000ff
43 35 0 0000ff
43 36 0 0000ff
43 37 0 0000ff
43 38 0 0000ff
43 39 0 0000ff
43 40 0 0000ff
43 41 0 0000ff
43 42 0 0000ff
43 43 0 0000ff
43 44 0 0000ff
43 45 0 0000ff
43 46 0 0000ff
43 47 0 0000ff
44 0 0 0000ff
44 1 0 0000ff
44 2 0 0000ff
44 3 0 0000ff
44 4 0 0000ff
44 5 0 0000ff
44 6 0 0000ff
44 7 0 0000ff
44 8 0 0000ff
44 9 0 0000ff
44 10 0 0000ff
44 11 0 0000ff
44 12 0 0000ff
44 13 0 0000ff
44 14 0 0000ff
44 15 0 0000ff
44 16 0 0000ff
44 17 0 0000ff
44 18 0 0000ff
44 19 0 0000ff
44 20 0 0000ff
44 21 0 0000ff
44 22 0 0000ff
44 23 0 0000ff
44 24 0 0000ff
44 25 0 0000ff
44 26 0 0000ff
44 27 0 0000ff
44 28 0 0000ff
44 29 0 0000ff
44 30 0 0000ff
44 31 0 0000ff
44 32 0 0000ff
44 33 0 0000ff
44 34 0 0000ff
44 35 0 0000ff
44 36 0 0000ff
44 37 0 0000ff
44 38 0 0000ff
44 39 0 0000ff
44 40 0 0000ff
44 41 0 0000ff
44 42 0 0000ff
44 43 0 0000ff
44 44 0 0000ff
44 45 0 0000ff
44 46 0 0000ff
44 47 0 0000ff
45 0 0 0000ff
45 1 0 0000ff
45 2 0 0000ff
45 3 0 0000ff
45 4 0 0000ff
45 5 0 0000ff
45 6 0 0000ff
45 7 0 0000ff
45 8 0 0000ff
45 9 0 0000ff
45 10 0 0000ff
45 11 0 0000ff
45 12 0 0000ff
45 13 0 0000ff
45 14 0 0000ff
45 15 0 0000ff
45 16 0 0000ff
45 17 0 0000ff
45 18 0 0000ff
45 19 0 0000ff
45 20 0 0000ff
45 21 0 0000ff
45 22 0 0000ff
45 23 0 0000ff
45 24 0 0000ff
45 25 0 0000ff
45 26 0 0000ff
45 27 0 0000ff
45 28 0 0000ff
45 29 0 0000ff
45 30 0 0000ff
45 31 0 0000ff
45 32 0 0000ff
45 33 0 0000ff
45 34 0 0000ff
45 35 0 0000ff
45 36 0 0000ff
45 37 0 0000ff
45 38 0 0000ff
45 39 0 0000ff
45 40 0 0000ff
45 41 0 0000ff
45 42 0 0000ff
45 43 0 0000ff
45 44 0 0000ff
45 45 0 0000ff
45 46 0 0000ff
45 47 0 0000ff
46 0 0 0000ff
46 1 0 0000ff
46 2 0 0000ff
46 3 0 0000ff
46 4 0 0000ff
46 5 0 0000ff
46 6 0 0000ff
46 7 0 0000ff
46 8 0 0000ff
46 9 0 0000ff
46 10 0 0000ff
46 11 0 0000ff
46 12 0 0000ff
46 13 0 0000ff
46 14 0 0000ff
46 15 0 0000ff
46 16 0 0000ff
46 17 0 0000ff
46 18 0 0000ff
46 19 0 0000ff
46 20 0 0000ff
46 21 0 0000ff
46 22 0 0000ff
46 23 0 0000ff
46 24 0 0000ff
46 25 0 0000ff
46 26 0 0000ff
46 27 0 0000ff
46 28 0 0000ff
46 29 0 0000ff
46 30 0 0000ff
46 31 0 0000ff
46 32 0 0000ff
46 33 0 0000ff
46 34 0 0000ff
46 35 0 0000ff
46 36 0 0000ff
46 37 0 0000ff
46 38 0 0000ff
46 39 0 0000ff
46 40 0 0000ff
46 41 0 0000ff
46 42 0 0000ff
46 43 0 0000ff
46 44 0 0000ff
46 45 0 0000ff
46 46 0 0000ff
46 47 0 0000ff
47 0 0 0000ff
47 1 0 0000ff
47 2 0 0000ff
47 3 0 0000ff
47 4 0 0000ff
47 5 0 0000ff
47 6 0 0000ff
47 7 0 0000ff
47 8 0 0000ff
47 9 0 0000ff
47 10 0 0000ff
47 11 0 0000ff
47 12 0 0000ff
47 13 0 0000ff
47 14 0 0000ff
47 15 0 0000ff
47 16 0 0000ff
47 17 0 0000ff
47 18 0 0000ff
47 19 0 0000ff
47 20 0 0000ff
47 21 0 0000ff
47 22 0 0000ff
47 23 0 0000ff
47 24 0 0000ff
47 25 0 0000ff
47 26 0 0000ff
47 27 0 0000ff
47 28 0 0000ff
47 29 0 0000ff
47 30 0 0000ff
47 31 0 0000ff
47 32 0 0000ff
47 33 0 0000ff
47 34 0 0000ff
47 35 0 0000ff
47 36 0 0000ff
47 37 0 0000ff
47 38 0 0000ff
47 39 0 0000ff
47 40 0 0000ff
47 41 0 0000ff
47 42 0 0000ff
47 43 0 0000ff
47 44 0 0000ff
47 45 0 0000ff
47 46 0 0000ff
47 47 0 0000ff
48 0 0 0000ff
48 1 0 0000ff
48 2 0 0000ff
48 3 0 0000ff
48 4 0 0000ff
48 5 0 0000ff
48 6 0 0000ff
48 7 0 0000ff
48 8 0 0000ff
48 9 0 0000ff
48 10 0 0000ff
48 11 0 0000ff
48 12 0 0000ff
48 13 0 0000ff
48 14 0 0000ff
48 15 0 0000ff
48 16 0 0000ff
48 17 0 0000ff
48 18 0 0000ff
48 19 0 0000ff
48 20 0 0000ff
48 21 0 0000ff
48 22 0 0000ff
48 23 0 0000ff
48 24 0 0000ff
48 25 0 0000ff
48 26 0 0000ff
48 27 0 0000ff
48 28 0 0000ff
48 29 0 0000ff
48 30 0 0000ff
48 31 0 0000ff
48 32 0 0000ff
48 33 0 0000ff
48 34 0 0000ff
48 35 0 0000ff
48 36 0 0000ff
48 37 0 0000ff
48 38 0 0000ff
48 39 0 0000ff
48 40 0 0000ff
48 41 0 0000ff
48 42 0 0000ff
48 43 0 0000ff
48 44 0 0000ff
48 45 0 0000ff
48 46 0 0000ff
48 47 0 0000ff
49 0 0 0000ff
49 1 0 0000ff
49 2 0 0000ff
49 3 0 0000ff
49 4 0 0000ff
49 5 0 0000ff
49 6 0 0000ff
49 7 0 0000ff
49 8 0 0000ff
49 9 0 0000ff
49 10 0 0000ff
49 11 0 0000ff
49 12 0 0000ff
49 13 0 0000ff
49 14 0 0000ff
49 15 0 0000ff
49 16 0 0000ff
49 17 0 0000ff
49 18 0 0000ff
49 19 0 0000ff
49 20 0 0000ff
49 21 0 0000ff
49 22 0 0000ff
49 23 0 0000ff
49 24 0 0000ff
49 25 0 0000ff
49 26 0 0000ff
49 27 0 0000ff
49 28 0 0000ff
49 29 0 0000ff
49 30 0 0000ff
49 31 0 0000ff
49 32 0 0000ff
49 33 0 0000ff
49 34 0 0000ff
49 35 0 0000ff
49 36 0 0000ff
49 37 0 0000ff
49 38 0 0000ff
49 39 0 0000ff
49 40 0 0000ff
49 41 0 0000ff
49 42 0 0000ff
49 43 0 0000ff
49 44 0 0000ff
49 45 0 0000ff
49 46 0 0000ff
49 47 0 0000ff
50 0 0 0000ff
50 1 0 0000ff
50 2 0 0000ff
50 3 0 0000ff
50 4 0 0000ff
50 5 0 0000ff
50 6 0 0000ff
50 7 0 0000ff
50 8 0 0000ff
50 9 0 0000ff
50 10 0 0000ff
50 11 0 0000ff
50 12 0 0000ff
50 13 0 0000ff
50 14 0 0000ff
50 15 0 0000ff
50 16 0 0000ff
50 17 0 0000ff
50 18 0 0000ff
50 19 0 0000ff
50 20 0 0000ff
50 21 0 0000ff
50 22 0 0000ff
50 23 0 0000ff
50 24 0 0000ff
50 25 0 0000ff
50 26 0 0000ff
50 27 0 0000ff
50 28 0 0000ff
50 29 0 0000ff
50 30 0 0000ff
50 31 0 0000ff
50 32 0 0000ff
50 33 0 0000ff
50 34 0 0000ff
50 35 0 0000ff
50 36 0 0000ff
50 37 0 0000ff
50 38 0 0000ff
50 39 0 0000ff
50 40 0 0000ff
50 41 0 0000ff
50 42 0 0000ff
50 43 0 0000ff
50 44 0 0000ff
50 45 0 0000ff
50 46 0 0000ff
50 47 0 0000ff
51 0 0 0000ff
51 1 0 0000ff
51 2 0 0000ff
51 3 0 0000ff
51 4 0 0000ff
51 5 0 0000ff
51 6 0 0000ff
51 7 0 0000ff
51 8 0 0000ff
51 9 0 0000ff
51 10 0 0000ff
51 11 0 0000ff
51 12 0 0000ff
51 13 0 0000ff
51 14 0 0000ff
51 15 0 0000ff
51 16 0 0000ff
51 17 0 0000ff
51 18 0 0000ff
51 19 0 0000ff
51 20 0 0000ff
51 21 0 0000ff
51 22 0 0000ff
51 23 0 0000ff
51 24 0 0000ff
51 25 0 0000ff
51 26 0 0000ff
51 27 0 0000ff
51 28 0 0000ff
51 29 0 0000ff
51 30 0 0000ff
51 31 0 0000ff
51 32 0 0000ff
51 33 0 0000ff
51 34 0 0000ff
51 35 0 0000ff
51 36 0 0000ff
51 37 0 0000ff
51 38 0 0000ff
51 39 0 0000ff
51 40 0 0000ff
51 41 0 0000ff
51 42 0 0000ff
51 43 0 0000ff
51 44 0 0000ff
51 45 0 0000ff
51 46 0 0000ff
51 47 0 0000ff
52 0 0 0000ff
52 1 0 0000ff
52 2 0 0000ff
52 3 0 0000ff
52 4 0 0000ff
52 5 0 0000ff
52 6 0 0000ff
52 7 0 0000ff
52 8 0 0000ff
52 9 0 0000ff
52 10 0 0000ff
52 11 0 0000ff
52 12 0 0000ff
52 13 0 0000ff
52 14 0 0000ff
52 15 0 0000ff
52 16 0 0000ff
52 17 0 0000ff
52 18 0 0000ff
52 19 0 0000ff
52 20 0 0000ff
52 21 0 0000ff
52 22 0 0000ff
52 23 0 0000ff
52 24 0 0000ff
52 25 0 0000ff
52 26 0 0000ff
52 27 0 0000ff
52 28 0 0000ff
52 29 0 0000ff
52 30 0 0000ff
52 31 0 0000ff
52 32 0 0000ff
52 33 0 0000ff
52 34 0 0000ff
52 35 0 0000ff
52 36 0 0000ff
52 37 0 0000ff
52 38 0 0000ff
52 39 0 0000ff
52 40 0 0000ff
52 41 0 0000ff
52 42 0 0000ff
52 43 0 0000ff
52 44 0 0000ff
52 45 0 0000ff
52 46 0 0000ff
52 47 0 0000ff
53 0 0 0000ff
53 1 0 0000ff
53 2 0 0000ff
53 3 0 0000ff
53 4 0 0000ff
53 5 0 0000ff
53 6 0 0000ff
53 7 0 0000ff
53 8 0 0000ff
53 9 0 0000ff
53 10 0 0000ff
53 11 0 0000ff
53 12 0 0000ff
53 13 0 0000ff
53 14 0 0000ff
53 15 0 0000ff
53 16 0 0000ff
53 17 0 0000ff
53 18 0 0000ff
53 19 0 0000ff
53 20 0 0000ff
53 21 0 0000ff
53 22 0 0000ff
53 23 0 0000ff
53 24 0 0000ff
53 25 0 0000ff
53 26 0 0000ff
53 27 0 0000ff
53 28 0 0000ff
53 29 0 0000ff
53 30 0 0000ff
53 31 0 0000ff
53 32 0 0000ff
53 33 0 0000ff
53 34 0 0000ff
53 35 0 0000ff
53 36 0 0000ff
53 37 0 0000ff
53 38 0 0000ff
53 39 0 0000ff
53 40 0 0000ff
53 41 0 0000ff
53 42 0 0000ff
53 43 0 0000ff
53 44 0 0000ff
53 45 0 0000ff
53 46 0 0000ff
53 47 0 0000ff
54 0 0 0000ff
54 1 0 0000ff
54 2 0 0000ff
54 3 0 0000ff
54 4 0 0000ff
54 5 0 0000ff
54 6 0 0000ff
54 7 0 0000ff
54 8 0 0000ff
54 9 0 0000ff
54 10 0 0000ff
54 11 0 0000ff
54 12 0 0000ff
54 13 0 0000ff
54 14 0 0000ff
54 15 0 0000ff
54 16 0 0000ff
54 17 0 0000ff
54 18 0 0000ff
54 19 0 0000ff
54 20 0 0000ff
54 21 0 0000ff
54 22 0 0000ff
54 23 0 0000ff
54 24 0 0000ff
54 25 0 0000ff
54 26 0 0000ff
54 27 0 0000ff
54 28 0 0000ff
54 29 0 0000ff
54 30 0 0000ff
54 31 0 0000ff
54 32 0 0000ff
54 33 0 0000ff
54 34 0 0000ff
54 35 0 0000ff
54 36 0 0000ff
54 37 0 0000ff
54 38 0 0000ff
54 39 0 0000ff
54 40 0 0000ff
54 41 0 0000ff
54 42 0 0000ff
54 43 0 0000ff
54 44 0 0000ff
54 45 0 0000ff
54 46 0 0000ff
54 47 0 0000ff
55 0 0 0000ff
55 1 0 0000ff
55 2 0 0000ff
55 3 0 0000ff
55 4 0 0000ff
55 5 0 0000ff
55 6 0 0000ff
55 7 0 0000ff
55 8 0 0000ff
55 9 0 0000ff
55 10 0 0000ff
55 11 0 0000ff
55 12 0 0000ff
55 13 0 0000ff
55 14 0 0000ff
55 15 0 0000ff
55 16 0 0000ff
55 17 0 0000ff
55 18 0 0000ff
55 19 0 0000ff
55 20 0 0000ff
55 21 0 0000ff
55 22 0 0000ff
55 23 0 0000ff
55 24 0 0000ff
55 25 0 0000ff
55 26 0 0000ff
55 27 0 0000ff
55 28 0 0000ff
55 29 0 0000ff
55 30 0 0000ff
55 31 0 0000ff
55 32 0 0000ff
55 33 0 0000ff
55 34 0 0000ff
55 35 0 0000ff
55 36 0 0000ff
55 37 0 0000ff
55 38 0 0000ff
55 39 0 0000ff
55 40 0 0000ff
55 41 0 0000ff
55 42 0 0000ff
55 43 0 0000ff
55 44 0 0000ff
55 45 0 0000ff
55 46 0 0000ff
55 47 0 0000ff
56 0 0 0000ff
56 1 0 0000ff
56 2 0 0000ff
56 3 0 0000ff
56 4 0 0000ff
56 5 0 0000ff
56 6 0 0000ff
56 7 0 0000ff
56 8 0 0000ff
56 9 0 0000ff
56 10 0 0000ff
56 11 0 0000ff
56 12 0 0000ff
56 13 0 0000ff
56 14 0 0000ff
56 15 0 0000ff
56 16 0 0000ff
56 17 0 0000ff
56 18 0 0000ff
56 19 0 0000ff
56 20 0 0000ff
56 21 0 0000ff
56 22 0 0000ff
56 23 0 0000ff
56 24 0 0000ff
56 25 0 0000ff
56 26 0 0000ff
56 27 0 0000ff
56 28 0 0000ff
56 29 0 0000ff
56 30 0 0000ff
56 31 0 0000ff
56 32 0 0000ff
56 33 0 0000ff
56 34 0 0000ff
56 35 0 0000ff
56 36 0 0000ff
56 37 0 0000ff
56 38 0 0000ff
56 39 0 0000ff
56 40 0 0000ff
56 41 0 0000ff
56 42 0 0000ff
56 43 0 0000ff
56 44 0 0000ff
56 45 0 0000ff
56 46 0 0000ff
56 47 0 0000ff
57 0 0 0000ff
57 1 0 0000ff
57 2 0 0000ff
57 3 0 0000ff
57 4 0 0000ff
57 5 0 0000ff
57 6 0 0000ff
57 7 0 0000ff
57 8 0 0000ff
57 9 0 0000ff
57 10 0 0000ff
57 11 0 0000ff
57 12 0 0000ff
57 13 0 0000ff
57 14 0 0000ff
57 15 0 0000ff
57 16 0 0000ff
57 17 0 0000ff
57 18 0 0000ff
57 19 0 0000ff
57 20 0 0000ff
57 21 0 0000ff
57 22 0 0000ff
57 23 0 0000ff
57 24 0 0000ff
57 25 0 0000ff
57 26 0 0000ff
57 27 0 0000ff
57 28 0 0000ff
57 29 0 0000ff
57 30 0 0000ff
57 31 0 0000ff
57 32 0 0000ff
57 33 0 0000ff
57 34 0 0000ff
57 35 0 0000ff
57 36 0 0000ff
57 37 0 0000ff
57 38 0 0000ff
57 39 0 0000ff
57 40 0 0000ff
57 41 0 0000ff
57 42 0 0000ff
57 43 0 0000ff
57 44 0 0000ff
57 45 0 0000ff
57 46 0 0000ff
57 47 0 0000ff
58 0 0 0000ff
58 1 0 0000ff
58 2 0 0000ff
58 3 0 0000ff
58 4 0 0000ff
58 5 0 0000ff
58 6 0 0000ff
58 7 0 0000ff
58 8 0 0000ff
58 9 0 0000ff
58 10 0 0000ff
58 11 0 0000ff
58 12 0 0000ff
58 13 0 0000ff
58 14 0 0000ff
58 15 0 0000ff
58 16 0 0000ff
58 17 0 0000ff
58 18 0 0000ff
58 19 0 0000ff
58 20 0 0000ff
58 21 0 0000ff
58 22 0 0000ff
58 23 0 0000ff
58 24 0 0000ff
58 25 0 0000ff
58 26 0 0000ff
58 27 0 0000ff
58 28 0 0000ff
58 29 0 0000ff
58 30 0 0000ff
58 31 0 0000ff
58 32 0 0000ff
58 33 0 0000ff
58 34 0 0000ff
58 35 0 0000ff
58 36 0 0000ff
58 37 0 0000ff
58 38 0 0000ff
58 39 0 0000ff
58 40 0 0000ff
58 41 0 0000ff
58 42 0 0000ff
58 43 0 0000ff
58 44 0 0000ff
58 45 0 0000ff
58 46 0 0000ff
58 47 0 0000ff
59 0 0 0000ff
59 1 0 0000ff
59 2 0 0000ff
59 3 0 0000ff
59 4 0 0000ff
59 5 0 0000ff
59 6 0 0000ff
59 7 0 0000ff
59 8 0 0000ff
59 9 0 0000ff
59 10 0 0000ff
59 11 0 0000ff
59 12 0 0000ff
59 13 0 0000ff
59 14 0 0000ff
59 15 0 0000ff
59 16 0 0000ff
59 17 0 0000ff
59 18 0 0000ff
59 19 0 0000ff
59 20 0 0000ff
59 21 0 0000ff
59 22 0 0000ff
59 23 0 0000ff
59 24 0 0000ff
59 25 0 0000ff
59 26 0 0000ff
59 27 0 0000ff
59 28 0 0000ff
59 29 0 0000ff
59 30 0 0000ff
59 31 0 0000ff
59 32 0 0000ff
59 33 0 0000ff
59 34 0 0000ff
59 35 0 0000ff
59 36 0 0000ff
59 37 0 0000ff
59 38 0 0000ff
59 39 0 0000ff
59 40 0 0000ff
59 41 0 0000ff
59 42 0 0000ff
59 43 0 0000ff
59 44 0 0000ff
59 45 0 0000ff
59 46 0 0000ff
59 47 0 0000ff
60 0 0 0000ff
60 1 0 0000ff
60 2 0 0000ff
60 3 0 0000ff
60 4 0 0000ff
60 5 0 0000ff
60 6 0 0000ff
60 7 0 0000ff
60 8 0 0000ff
60 9 0 0000ff
60 10 0 0000ff
60 11 0 0000ff
60 12 0 0000ff
60 13 0 0000ff
60 14 0 0000ff
60 15 0 0000ff
60 16 0 0000ff
60 17 0 0000ff
60 18 0 0000ff
60 19 0 0000ff
60 20 0 0000ff
60 21 0 0000ff
60 22 0 0000ff
60 23 0 0000ff
60 24 0 0000ff
60 25 0 0000ff
60 26 0 0000ff
60 27 0 0000ff
60 28 0 0000ff
60 29 0 0000ff
60 30 0 0000ff
60 31 0 0000ff
60 32 0 0000ff
60 33 0 0000ff
60 34 0 0000ff
60 35 0 0000ff
60 36 0 0000ff
60 37 0 0000ff
60 38 0 0000ff
60 39 0 0000ff
60 40 0 0000ff
60 41 0 0000ff
60 42 0 0000ff
60 43 0 0000ff
60 44 0 0000ff
60 45 0 0000ff
60 46 0 0000ff
60 47 0 0000ff
61 0 0 0000ff
61 1 0 0000ff
61 2 0 0000ff
61 3 0 0000ff
61 4 0 0000ff
61 5 0 0000ff
61 6 0 0000ff
61 7 0 0000ff
61 8 0 0000ff
61 9 0 0000ff
61 10 0 0000ff
61 11 0 0000ff
61 12 0 0000ff
61 13 0 0000ff
61 14 0 0000ff
61 15 0 0000ff
61 16 0 0000ff
61 17 0 0000ff
61 18 0 0000ff
61 19 0 0000ff
61 20 0 0000ff
61 21 0 0000ff
61 22 0 0000ff
61 23 0 0000ff
61 24 0 0000ff
61 25 0 0000ff
61 26 0 0000ff
61 27 0 0000ff
61 28 0 0000ff
61 29 0 0000ff
61 30 0 0000ff
61 31 0 0000ff
61 32 0 0000ff
61 33 0 0000ff
61 34 0 0000ff
61 35 0 0000ff
61 36 0 0000ff
61 37 0 0000ff
61 38 0 0000ff
61 39 0 0000ff
61 40 0 0000ff
61 41 0 0000ff
61 42 0 0000ff
61 43 0 0000ff
61 44 0 0000ff
61 45 0 0000ff
61 46 0 0000ff
61 47 0 0000ff
62 0 0 0000ff
62 1 0 0000ff
62 2 0 0000ff
62 3 0 0000ff
62 4 0 0000ff
62 5 0 0000ff
62 6 0 0000ff
62 7 0 0000ff
62 8 0 0000ff
62 9 0 0000ff
62 10 0 0000ff
62 11 0 0000ff
62 12 0 0000ff
62 13 0 0000ff
62 14 0 0000ff
62 15 0 0000ff
62 16 0 0000ff
62 17 0 0000ff
62 18 0 0000ff
62 19 0 0000ff
62 20 0 0000ff
62 21 0 0000ff
62 22 0 0000ff
62 23 0 0000ff
62 24 0 0000ff
62 25 0 0000ff
62 26 0 0000ff
62 27 0 0000ff
62 28 0 0000ff
62 29 0 0000ff
62 30 0 0000ff
62 31 0 0000ff
62 32 0 0000ff
62 33 0 0000ff
62 34 0 0000ff
62 35 0 0000ff
62 36 0 0000ff
62 37 0 0000ff
62 38 0 0000ff
62 39 0 0000ff
62 40 0 0000ff
62 41 0 0000ff
62 42 0 0000ff
62 43 0 0000ff
62 44 0 0000ff
62 45 0 0000ff
62 46 0 0000ff
62 47 0 0000ff
63 0 0 0000ff
63 1 0 0000ff
63 2 0 0000ff
63 3 0 0000ff
63 4 0 0000ff
63 5 0 0000ff
63 6 0 0000ff
63 7 0 0000ff
63 8 0 0000ff
63 9 0 0000ff
63 10 0 0000ff
63 11 0 0000ff
63 12 0 0000ff
63 13 0 0000ff
63 14 0 0000ff
63 15 0 0000ff
63 16 0 0000ff
63 17 0 0000ff
63 18 0 0000ff
63 19 0 0000ff
63 20 0 0000ff
63 21 0 0000ff
63 22 0 0000ff
63 23 0 0000ff
63 24 0 0000ff
63 25 0 0000ff
63 26 0 0000ff
63 27 0 0000ff
63 28 0 0000ff
63 29 0 0000ff
63 30 0 0000ff
63 31 0 0000ff
63 32 0 0000ff
63 33 0 0000ff
63 34 0 0000ff
63 35 0 0000ff
63 36 0 0000ff
63 37 0 0000ff
63 38 0 0000ff
63 39 0 0000ff
63 40 0 0000ff
63 41 0 0000ff
63 42 0 0000ff
63 43 0 0000ff
63 44 0 0000ff
63 45 0 0000ff
63 46 0 0000ff
63 47 0 0000ff
64 0 0 0000ff
64 1 0 0000ff
64 2 0 0000ff
64 3 0 0000ff
64 4 0 0000ff
64 5 0 0000ff
64 6 0 0000ff
64 7 0 0000ff
64 8 0 0000ff
64 9 0 0000ff
64 10 0 0000ff
64 11 0 0000ff
64 12 0 0000ff
64 13 0 0000ff
64 14 0 0000ff
64 15 0 0000ff
64 16 0 0000ff
64 17 0 0000ff
64 18 0 0000ff
64 19 0 0000ff
64 20 0 0000ff
64 21 0 0000ff
64 22 0 0000ff
64 23 0 0000ff
64 24 0 0000ff
64 25 0 0000ff
64 26 0 0000ff
64 27 0 0000ff
64 28 0 0000ff
64 29 0 0000ff
64 30 0 0000ff
64 31 0 0000ff
64 32 0 0000ff
64 33 0 0000ff
64 34 0 0000ff
64 35 0 0000ff
64 36 0 0000ff
64 37 0 0000ff
64 38 0 0000ff
64 39 0 0000ff
64 40 0 0000ff
64 41 0 0000ff
64 42 0 0000ff
64 43 0 0000ff
64 44 0 0000ff
64 45 0 0000ff
64 46 0 0000ff
64 47 0 0000ff
65 0 0 0000ff
65 1 0 0000ff
65 2 0 0000ff
65 3 0 0000ff
65 4 0 0000ff
65 5 0 0000ff
65 6 0 0000ff
65 7 0 0000ff
65 8 0 0000ff
65 9 0 0000ff
65 10 0 0000ff
65 11 0 0000ff
65 12 0 0000ff
65 13 0 0000ff
65 14 0 0000ff
65 15 0 0000ff
65 16 0 0000ff
65 17 0 0000ff
65 18 0 0000ff
65 19 0 0000ff
65 20 0 0000ff
65 21 0 0000ff
65 22 0 0000ff
65 23 0 0000ff
65 24 0 0000ff
65 25 0 0000ff
65 26 0 0000ff
65 27 0 0000ff
65 28 0 0000ff
65 29 0 0000ff
65 30 0 0000ff
65 31 0 0000ff
65 32 0 0000ff
65 33 0 0000ff
65 34 0 0000ff
65 35 0 0000ff
65 36 0 0000ff
65 37 0 0000ff
65 38 0 0000ff
65 39 0 0000ff
65 40 0 0000ff
65 41 0 0000ff
65 42 0 0000ff
65 43 0 0000ff
65 44 0 0000ff
65 45 0 0000ff
65 46 0 0000ff
65 47 0 0000ff
66 0 0 0000ff
66 1 0 0000ff
66 2 0 0000ff
66 3 0 0000ff
66 4 0 0000ff
66 5 0 0000ff
66 6 0 0000ff
66 7 0 0000ff
66 8 0 0000ff
66 9 0 0000ff
66 10 0 0000ff
66 11 0 0000ff
66 12 0 0000ff
66 13 0 0000ff
66 14 0 0000ff
66 15 0 0000ff
66 16 0 0000ff
66 17 0 0000ff
66 18 0 0000ff
66 19 0 0000ff
66 20 0 0000ff
66 21 0 0000ff
66 22 0 0000ff
66 23 0 0000ff
66 24 0 0000ff
66 25 0 0000ff
66 26 0 0000ff
66 27 0 0000ff
66 28 0 0000ff
66 29 0 0000ff
66 30 0 0000ff
66 31 0 0000ff
66 32 0 0000ff
66 33 0 0000ff
66 34 0 0000ff
66 35 0 0000ff
66 36 0 0000ff
66 37 0 0000ff
66 38 0 0000ff
66 39 0 0000ff
66 40 0 0000ff
66 41 0 0000ff
66 42 0 0000ff
66 43 0 0000ff
66 44 0 0000ff
66 45 0 0000ff
66 46 0 0000ff
66 47 0 0000ff
67 0 0 0000ff
67 1 0 0000ff
67 2 0 0000ff
67 3 0 0000ff
67 4 0 0000ff
67 5 0 0000ff
67 6 0 0000ff
67 7 0 0000ff
67 8 0 0000ff
67 9 0 0000ff
67 10 0 0000ff
67 11 0 0000ff
67 12 0 0000ff
67 13 0 0000ff
67 14 0 0000ff
67 15 0 0000ff
67 16 0 0000ff
67 17 0 0000ff
67 18 0 0000ff
67 19 0 0000ff
67 20 0 0000ff
67 21 0 0000ff
67 22 0 0000ff
67 23 0 0000ff
67 24 0 0000ff
67 25 0 0000ff
67 26 0 0000ff
67 27 0 0000ff
67 28 0 0000ff
67 29 0 0000ff
67 30 0 0000ff
67 31 0 0000ff
67 32 0 0000ff
67 33 0 0000ff
67 34 0 0000ff
67 35 0 0000ff
67 36 0 0000ff
67 37 0 0000ff
67 38 0 0000ff
67 39 0 0000ff
67 40 0 0000ff
67 41 0 0000ff
67 42 0 0000ff
67 43 0 0000ff
67 44 0 0000ff
67 45 0 0000ff
67 46 0 0000ff
67 47 0 0000ff
68 0 0 0000ff
68 1 0 0000ff
68 2 0 0000ff
68 3 0 0000ff
68 4 0 0000ff
68 5 0 0000ff
68 6 0 0000ff
68 7 0 0000ff
68 8 0 0000ff
68 9 0 0000ff
68 10 0 0000ff
68 11 0 0000ff
68 12 0 0000ff
68 13 0 0000ff
68 14 0 0000ff
68 15 0 0000ff
68 16 0 0000ff
68 17 0 0000ff
68 18 0 0000ff
68 19 0 0000ff
68 20 0 0000ff
68 21 0 0000ff
68 22 0 0000ff
68 23 0 0000ff
68 24 0 0000ff
68 25 0 0000ff
68 26 0 0000ff
68 27 0 0000ff
68 28 0 0000ff
68 29 0 0000ff
68 30 0 0000ff
68 31 0 0000ff
68 32 0 0000ff
68 33 0 0000ff
68 34 0 0000ff
68 35 0 0000ff
68 36 0 0000ff
68 37 0 0000ff
68 38 0 0000ff
68 39 0 0000ff
68 40 0 0000ff
68 41 0 0000ff
68 42 0 0000ff
68 43 0 0000ff
68 44 0 0000ff
68 45 0 0000ff
68 46 0 0000ff
68 47 0 0000ff
69 0 0 0000ff
69 1 0 0000ff
69 2 0 0000ff
69 3 0 0000ff
69 4 0 0000ff
69 5 0 0000ff
69 6 0 0000ff
69 7 0 0000ff
69 8 0 0000ff
69 9 0 0000ff
69 10 0 0000ff
69 11 0 0000ff
69 12 0 0000ff
69 13 0 0000ff
69 14 0 0000ff
69 15 0 0000ff
69 16 0 0000ff
69 17 0 0000ff
69 18 0 0000ff
69 19 0 0000ff
69 20 0 0000ff
69 21 0 0000ff
69 22 0 0000ff
69 23 0 0000ff
69 24 0 0000ff
69 25 0 0000ff
69 26 0 0000ff
69 27 0 0000ff
69 28 0 0000ff
69 29 0 0000ff
69 30 0 0000ff
69 31 0 0000ff
69 32 0 0000ff
69 33 0 0000ff
69 34 0 0000ff
69 35 0 0000ff
69 36 0 0000ff
69 37 0 0000ff
69 38 0 0000ff
69 39 0 0000ff
69 40 0 0000ff
69 41 0 0000ff
69 42 0 0000ff
69 43 0 0000ff
69 44 0 0000ff
69 45 0 0000ff
69 46 0 0000ff
69 47 0 0000ff
70 0 0 0000ff
70 1 0 0000ff
70 2 0 0000ff
70 3 0 0000ff
70 4 0 0000ff
70 5 0 0000ff
70 6 0 0000ff
70 7 0 0000ff
70 8 0 0000ff
70 9 0 0000ff
70 10 0 0000ff
70 11 0 0000ff
70 12 0 0000ff
70 13 0 0000ff
70 14 0 0000ff
70 15 0 0000ff
70 16 0 0000ff
70 17 0 0000ff
70 18 0 0000ff
70 19 0 0000ff
70 20 0 0000ff
70 21 0 0000ff
70 22 0 0000ff
70 23 0 0000ff
70 24 0 0000ff
70 25 0 0000ff
70 26 0 0000ff
70 27 0 0000ff
70 28 0 0000ff
70 29 0 0000ff
70 30 0 0000ff
70 31 0 0000ff
70 32 0 0000ff
70 33 0 0000ff
70 34 0 0000ff
70 35 0 0000ff
70 36 0 0000ff
70 37 0 0000ff
70 38 0 0000ff
70 39 0 0000ff
70 40 0 0000ff
70 41 0 0000ff
70 42 0 0000ff
70 43 0 0000ff
70 44 0 0000ff
70 45 0 0000ff
70 46 0 0000ff
70 47 0 0000ff
71 0 0 0000ff
71 1 0 0000ff
71 2 0 0000ff
71 3 0 0000ff
71 4 0 0000ff
71 5 0 0000ff
71 6 0 0000ff
71 7 0 0000ff
71 8 0 0000ff
71 9 0 0000ff
71 10 0 0000ff
71 11 0 0000ff
71 12 0 0000ff
71 13 0 0000ff
71 14 0 0000ff
71 15 0 0000ff
71 16 0 0000ff
71 17 0 0000ff
71 18 0 0000ff
71 19 0 0000ff
71 20 0 0000ff
71 21 0 0000ff
71 22 0 0000ff
71 23 0 0000ff
71 24 0 0000ff
71 25 0 0000ff
71 26 0 0000ff
71 27 0 0000ff
71 28 0 0000ff
71 29 0 0000ff
71 30 0 0000ff
71 31 0 0000ff
71 32 0 0000ff
71 33 0 0000ff
71 34 0 0000ff
71 35 0 0000ff
71 36 0 0000ff
71 37 0 0000ff
71 38 0 0000ff
71 39 0 0000ff
71 40 0 0000ff
71 41 0 0000ff
71 42 0 0000ff
71 43 0 0000ff
71 44 0 0000ff
71 45 0 0000ff
71 46 0 0000ff
71 47 0 0000ff
72 0 0 0000ff
72 1 0 0000ff
72 2 0 0000ff
72 3 0 0000ff
72 4 0 0000ff
72 5 0 0000ff
72 6 0 0000ff
72 7 0 0000ff
72 8 0 0000ff
72 9 0 0000ff
72 10 0 0000ff
72 11 0 0000ff
72 12 0 0000ff
72 13 0 0000ff
72 14 0 0000ff
72 15 0 0000ff
72 16 0 0000ff
72 17 0 0000ff
72 18 0 0000ff
72 19 0 0000ff
72 20 0 0000ff
72 21 0 0000ff
72 22 0 0000ff
72 23 0 0000ff
72 24 0 0000ff
72 25 0 0000ff
72 26 0 0000ff
72 27 0 0000ff
72 28 0 0000ff
72 29 0 0000ff
72 30 0 0000ff
72 31 0 0000ff
72 32 0 0000ff
72 33 0 0000ff
72 34 0 0000ff
72 35 0 0000ff
72 36 0 0000ff
72 37 0 0000ff
72 38 0 0000ff
72 39 0 0000ff
72 40 0 0000ff
72 41 0 0000ff
72 42 0 0000ff
72 43 0 0000ff
72 44 0 0000ff
72 45 0 0000ff
72 46 0 0000ff
72 47 0 0000ff
73 0 0 0000ff
73 1 0 0000ff
73 2 0 0000ff
73 3 0 0000ff
73 4 0 0000ff
73 5 0 0000ff
73 6 0 0000ff
73 7 0 0000ff
73 8 0 0000ff
73 9 0 0000ff
73 10 0 0000ff
73 11 0 0000ff
73 12 0 0000ff
73 13 0 0000ff
73 14 0 0000ff
73 15 0 0000ff
73 16 0 0000ff
73 17 0 0000ff
73 18 0 0000ff
73 19 0 0000ff
73 20 0 0000ff
73 21 0 0000ff
73 22 0 0000ff
73 23 0 0000ff
73 24 0 0000ff
73 25 0 0000ff
73 26 0 0000ff
73 27 0 0000ff
73 28 0 0000ff
73 29 0 0000ff
73 30 0 0000ff
73 31 0 0000ff
73 32 0 0000ff
73 33 0 0000ff
73 34 0 0000ff
73 35 0 0000ff
73 36 0 0000ff
73 37 0 0000ff
73 38 0 0000ff
73 39 0 0000ff
73 40 0 0000ff
73 41 0 0000ff
73 42 0 0000ff
73 43 0 0000ff
73 44 0 0000ff
73 45 0 0000ff
73 46 0 0000ff
73 47 0 0000ff
74 0 0 0000ff
74 1 0 0000ff
74 2 0 0000ff
74 3 0 0000ff
74 4 0 0000ff
74 5 0 0000ff
74 6 0 0000ff
74 7 0 0000ff
74 8 0 0000ff
74 9 0 0000ff
74 10 0 0000ff
74 11 0 0000ff
74 12 0 0000ff
74 13 0 0000ff
74 14 0 0000ff
74 15 0 0000ff
74 16 0 0000ff
74 17 0 0000ff
74 18 0 0000ff
74 19 0 0000ff
74 20 0 0000ff
74 21 0 0000ff
74 22 0 0000ff
74 23 0 0000ff
74 24 0 0000ff
74 25 0 0000ff
74 26 0 0000ff
74 27 0 0000ff
74 28 0 0000ff
74 29 0 0000ff
74 30 0 0000ff
74 31 0 0000ff
74 32 0 0000ff
74 33 0 0000ff
74 34 0 0000ff
74 35 0 0000ff
74 36 0 0000ff
74 37 0 0000ff
74 38 0 0000ff
74 39 0 0000ff
74 40 0 0000ff
74 41 0 0000ff
74 42 0 0000ff
74 43 0 0000ff
74 44 0 0000ff
74 45 0 0000ff
74 46 0 0000ff
74 47 0 0000ff
75 0 0 0000ff
75 1 0 0000ff
75 2 0 0000ff
75 3 0 0000ff
75 4 0 0000ff
75 5 0 0000ff
75 6 0 0000ff
75 7 0 0000ff
75 8 0 0000ff
75 9 0 0000ff
75 10 0 0000ff
75 11 0 0000ff
75 12 0 0000ff
75 13 0 0000ff
75 14 0 0000ff
75 15 0 0000ff
75 16 0 0000ff
75 17 0 0000ff
75 18 0 0000ff
75 19 0 0000ff
75 20 0 0000ff
75 21 0 0000ff
75 22 0 0000ff
75 23 0 0000ff
75 24 0 0000ff
75 25 0 0000ff
75 26 0 0000ff
75 27 0 0000ff
75 28 0 0000ff
75 29 0 0000ff
75 30 0 0000ff
75 31 0 0000ff
75 32 0 0000ff
75 33 0 0000ff
75 34 0 0000ff
75 35 0 0000ff
75 36 0 0000ff
75 37 0 0000ff
75 38 0 0000ff
75 39 0 0000ff
75 40 0 0000ff
75 41 0 0000ff
75 42 0 0000ff
75 43 0 0000ff
75 44 0 0000ff
75 45 0 0000ff
75 46 0 0000ff
75 47 0 0000ff
76 0 0 0000ff
76 1 0 0000ff
76 2 0 0000ff
76 3 0 0000ff
76 4 0 0000ff
76 5 0 0000ff
76 6 0 0000ff
76 7 0 0000ff
76 8 0 0000ff
76 9 0 0000ff
76 10 0 0000ff
76 11 0 0000ff
76 12 0 0000ff
76 13 0 0000ff
76 14 0 0000ff
76 15 0 0000ff
76 16 0 0000ff
76 17 0 0000ff
76 18 0 0000ff
76 19 0 0000ff
76 20 0 0000ff
76 21 0 0000ff
76 22 0 0000ff
76 23 0 0000ff
76 24 0 0000ff
76 25 0 0000ff
76 26 0 0000ff
76 27 0 0000ff
76 28 0 0000ff
76 29 0 0000ff
76 30 0 0000ff
76 31 0 0000ff
76 32 0 0000ff
76 33 0 0000ff
76 34 0 0000ff
76 35 0 0000ff
76 36 0 0000ff
76 37 0 0000ff
76 38 0 0000ff
76 39 0 0000ff
76 40 0 0000ff
76 41 0 0000ff
76 42 0 0000ff
76 43 0 0000ff
76 44 0 0000ff
76 45 0 0000ff
76 46 0 0000ff
76 47 0 0000ff
77 0 0 0000ff
77 1 0 0000ff
77 2 0 0000ff
77 3 0 0000ff
77 4 0 0000ff
77 5 0 0000ff
77 6 0 0000ff
77 7 0 0000ff
77 8 0 0000ff
77 9 0 0000ff
77 10 0 0000ff
77 11 0 0000ff
77 12 0 0000ff
77 13 0 0000ff
77 14 0 0000ff
77 15 0 0000ff
77 16 0 0000ff
77 17 0 0000ff
77 18 0 0000ff
77 19 0 0000ff
77 20 0 0000ff
77 21 0 0000ff
77 22 0 0000ff
77 23 0 0000ff
77 24 0 0000ff
77 25 0 0000ff
77 26 0 0000ff
77 27 0 0000ff
77 28 0 0000ff
77 29 0 0000ff
77 30 0 0000ff
77 31 0 0000ff
77 32 0 0000ff
77 33 0 0000ff
77 34 0 0000ff
77 35 0 0000ff
77 36 0 0000ff
77 37 0 0000ff
77 38 0 0000ff
77 39 0 0000ff
77 40 0 0000ff
77 41 0 0000ff
77 42 0 0000ff
77 43 0 0000ff
77 44 0 0000ff
77 45 0 0000ff
77 46 0 0000ff
77 47 0 0000ff
78 0 0 0000ff
78 1 0 0000ff
78 2 0 0000ff
78 3 0 0000ff
78 4 0 0000ff
78 5 0 0000ff
78 6 0 0000ff
78 7 0 0000ff
78 8 0 0000ff
78 9 0 0000ff
78 10 0 0000ff
78 11 0 0000ff
78 12 0 0000ff
78 13 0 0000ff
78 14 0 0000ff
78 15 0 0000ff
78 16 0 0000ff
78 17 0 0000ff
78 18 0 0000ff
78 19 0 0000ff
78 20 0 0000ff
78 21 0 0000ff
78 22 0 0000ff
78 23 0 0000ff
78 24 0 0000ff
78 25 0 0000ff
78 26 0 0000ff
78 27 0 0000ff
78 28 0 0000ff
78 29 0 0000ff
78 30 0 0000ff
78 31 0 0000ff
78 32 0 0000ff
78 33 0 0000ff
78 34 0 0000ff
78 35 0 0000ff
78 36 0 0000ff
78 37 0 0000ff
78 38 0 0000ff
78 39 0 0000ff
78 40 0 0000ff
78 41 0 0000ff
78 42 0 0000ff
78 43 0 0000ff
78 44 0 0000ff
78 45 0 0000ff
78 46 0 0000ff
78 47 0 0000ff
79 0 0 0000ff
79 1 0 0000ff
79 2 0 0000ff
79 3 0 0000ff
79 4 0 0000ff
79 5 0 0000ff
79 6 0 0000ff
79 7 0 0000ff
79 8 0 0000ff
79 9 0 0000ff
79 10 0 0000ff
79 11 0 0000ff
79 12 0 0000ff
79 13 0 0000ff
79 14 0 0000ff
79 15 0 0000ff
79 16 0 0000ff
79 17 0 0000ff
79 18 0 0000ff
79 19 0 0000ff
79 20 0 0000ff
79 21 0 0000ff
79 22 0 0000ff
79 23 0 0000ff
79 24 0 0000ff
79 25 0 0000ff
79 26 0 0000ff
79 27 0 0000ff
79 28 0 0000ff
79 29 0 0000ff
79 30 0 0000ff
79 31 0 0000ff
79 32 0 0000ff
79 33 0 0000ff
79 34 0 0000ff
79 35 0 0000ff
79 36 0 0000ff
79 37 0 0000ff
79 38 0 0000ff
79 39 0 0000ff
79 40 0 0000ff
79 41 0 0000ff
79 42 0 0000ff
79 43 0 0000ff
79 44 0 0000ff
79 45 0 0000ff
79 46 0 0000ff
79 47 0 0000ff
