# Goxel 0.15.1
# One line per voxel
# X Y Z RRGGBB
0 0 10 0000ff
0 1 10 0000ff
0 2 10 0000ff
0 3 10 0000ff
0 4 10 0000ff
0 5 10 0000ff
0 6 10 0000ff
0 7 10 0000ff
0 8 10 0000ff
0 9 10 0000ff
0 10 10 0000ff
0 11 10 0000ff
0 12 10 0000ff
0 13 10 0000ff
0 14 10 0000ff
0 15 10 0000ff
0 16 10 0000ff
0 17 10 0000ff
0 18 10 0000ff
0 19 10 0000ff
0 20 10 0000ff
0 21 10 0000ff
0 22 10 0000ff
0 23 10 0000ff
0 24 10 0000ff
0 25 10 0000ff
0 26 10 0000ff
0 27 10 0000ff
0 28 10 0000ff
0 29 10 0000ff
0 30 10 0000ff
0 31 10 0000ff
0 32 10 0000ff
0 33 10 0000ff
0 34 10 0000ff
0 35 10 0000ff
0 36 10 0000ff
0 37 10 0000ff
0 38 10 0000ff
0 39 10 0000ff
0 40 10 0000ff
0 41 10 0000ff
0 42 10 0000ff
0 43 10 0000ff
0 44 10 0000ff
0 45 10 0000ff
0 46 10 0000ff
0 47 10 0000ff
1 0 10 0000ff
1 1 10 0000ff
1 2 10 0000ff
1 3 10 0000ff
1 4 10 0000ff
1 5 10 0000ff
1 6 10 0000ff
1 7 10 0000ff
1 8 10 0000ff
1 9 10 0000ff
1 10 10 0000ff
1 11 10 0000ff
1 12 10 0000ff
1 13 10 0000ff
1 14 10 0000ff
1 15 10 0000ff
1 16 10 0000ff
1 17 10 0000ff
1 18 10 0000ff
1 19 10 0000ff
1 20 10 0000ff
1 21 10 0000ff
1 22 10 0000ff
1 23 10 0000ff
1 24 10 0000ff
1 25 10 0000ff
1 26 10 0000ff
1 27 10 0000ff
1 28 10 0000ff
1 29 10 0000ff
1 30 10 0000ff
1 31 10 0000ff
1 32 10 0000ff
1 33 10 0000ff
1 34 10 0000ff
1 35 10 0000ff
1 36 10 0000ff
1 37 10 0000ff
1 38 10 0000ff
1 39 10 0000ff
1 40 10 0000ff
1 41 10 0000ff
1 42 10 0000ff
1 43 10 0000ff
1 44 10 0000ff
1 45 10 0000ff
1 46 10 0000ff
1 47 10 0000ff
2 0 10 0000ff
2 1 10 0000ff
2 2 10 0000ff
2 3 10 0000ff
2 4 10 0000ff
2 5 10 0000ff
2 6 10 0000ff
2 7 10 0000ff
2 8 10 0000ff
2 9 10 0000ff
2 10 10 0000ff
2 11 10 0000ff
2 12 10 0000ff
2 13 10 0000ff
2 14 10 0000ff
2 15 10 0000ff
2 16 10 0000ff
2 17 10 0000ff
2 18 10 0000ff
2 19 10 0000ff
2 20 10 0000ff
2 21 10 0000ff
2 22 10 0000ff
2 23 10 0000ff
2 24 10 0000ff
2 25 10 0000ff
2 26 10 0000ff
2 27 10 0000ff
2 28 10 0000ff
2 29 10 0000ff
2 30 10 0000ff
2 31 10 0000ff
2 32 10 0000ff
2 33 10 0000ff
2 34 10 0000ff
2 35 10 0000ff
2 36 10 0000ff
2 37 10 0000ff
2 38 10 0000ff
2 39 10 0000ff
2 40 10 0000ff
2 41 10 0000ff
2 42 10 0000ff
2 43 10 0000ff
2 44 10 0000ff
2 45 10 0000ff
2 46 10 0000ff
2 47 10 0000ff
3 0 10 0000ff
3 1 10 0000ff
3 2 10 0000ff
3 3 10 0000ff
3 4 10 0000ff
3 5 10 0000ff
3 6 10 0000ff
3 7 10 0000ff
3 8 10 0000ff
3 9 10 0000ff
3 10 10 0000ff
3 11 10 0000ff
3 12 10 0000ff
3 13 10 0000ff
3 14 10 0000ff
3 15 10 0000ff
3 16 10 0000ff
3 17 10 0000ff
3 18 10 0000ff
3 19 10 0000ff
3 20 10 0000ff
3 21 10 0000ff
3 22 10 0000ff
3 23 10 0000ff
3 24 10 0000ff
3 25 10 0000ff
3 26 10 0000ff
3 27 10 0000ff
3 28 10 0000ff
3 29 10 0000ff
3 30 10 0000ff
3 31 10 0000ff
3 32 10 0000ff
3 33 10 0000ff
3 34 10 0000ff
3 35 10 0000ff
3 36 10 0000ff
3 37 10 0000ff
3 38 10 0000ff
3 39 10 0000ff
3 40 10 0000ff
3 41 10 0000ff
3 42 10 0000ff
3 43 10 0000ff
3 44 10 0000ff
3 45 10 0000ff
3 46 10 0000ff
3 47 10 0000ff
4 0 10 0000ff
4 1 10 0000ff
4 2 10 0000ff
4 3 10 0000ff
4 4 10 0000ff
4 5 10 0000ff
4 6 10 0000ff
4 7 10 0000ff
4 8 10 0000ff
4 9 10 0000ff
4 10 10 0000ff
4 11 10 0000ff
4 12 10 0000ff
4 13 10 0000ff
4 14 10 0000ff
4 15 10 0000ff
4 16 10 0000ff
4 17 10 0000ff
4 18 10 0000ff
4 19 10 0000ff
4 20 10 0000ff
4 21 10 0000ff
4 22 10 0000ff
4 23 10 0000ff
4 24 10 0000ff
4 25 10 0000ff
4 26 10 0000ff
4 27 10 0000ff
4 28 10 0000ff
4 29 10 0000ff
4 30 10 0000ff
4 31 10 0000ff
4 32 10 0000ff
4 33 10 0000ff
4 34 10 0000ff
4 35 10 0000ff
4 36 10 0000ff
4 37 10 0000ff
4 38 10 0000ff
4 39 10 0000ff
4 40 10 0000ff
4 41 10 0000ff
4 42 10 0000ff
4 43 10 0000ff
4 44 10 0000ff
4 45 10 0000ff
4 46 10 0000ff
4 47 10 0000ff
5 0 10 0000ff
5 1 10 0000ff
5 2 10 0000ff
5 3 10 0000ff
5 4 10 0000ff
5 5 10 0000ff
5 6 10 0000ff
5 7 10 0000ff
5 8 10 0000ff
5 9 10 0000ff
5 10 10 0000ff
5 11 10 0000ff
5 12 10 0000ff
5 13 10 0000ff
5 14 10 0000ff
5 15 10 0000ff
5 16 10 0000ff
5 17 10 0000ff
5 18 10 0000ff
5 19 10 0000ff
5 20 10 0000ff
5 21 10 0000ff
5 22 10 0000ff
5 23 10 0000ff
5 24 10 0000ff
5 25 10 0000ff
5 26 10 0000ff
5 27 10 0000ff
5 28 10 0000ff
5 29 10 0000ff
5 30 10 0000ff
5 31 10 0000ff
5 32 10 0000ff
5 33 10 0000ff
5 34 10 0000ff
5 35 10 0000ff
5 36 10 0000ff
5 37 10 0000ff
5 38 10 0000ff
5 39 10 0000ff
5 40 10 0000ff
5 41 10 0000ff
5 42 10 0000ff
5 43 10 0000ff
5 44 10 0000ff
5 45 10 0000ff
5 46 10 0000ff
5 47 10 0000ff
6 0 10 0000ff
6 1 10 0000ff
6 2 10 0000ff
6 3 10 0000ff
6 4 10 0000ff
6 5 10 0000ff
6 6 10 0000ff
6 7 10 0000ff
6 8 10 0000ff
6 9 10 0000ff
6 10 10 0000ff
6 11 10 0000ff
6 12 10 0000ff
6 13 10 0000ff
6 14 10 0000ff
6 15 10 0000ff
6 16 10 0000ff
6 17 10 0000ff
6 18 10 0000ff
6 19 10 0000ff
6 20 10 0000ff
6 21 10 0000ff
6 22 10 0000ff
6 23 10 0000ff
6 24 10 0000ff
6 25 10 0000ff
6 26 10 0000ff
6 27 10 0000ff
6 28 10 0000ff
6 29 10 0000ff
6 30 10 0000ff
6 31 10 0000ff
6 32 10 0000ff
6 33 10 0000ff
6 34 10 0000ff
6 35 10 0000ff
6 36 10 0000ff
6 37 10 0000ff
6 38 10 0000ff
6 39 10 0000ff
6 40 10 0000ff
6 41 10 0000ff
6 42 10 0000ff
6 43 10 0000ff
6 44 10 0000ff
6 45 10 0000ff
6 46 10 0000ff
6 47 10 0000ff
7 0 10 0000ff
7 1 10 0000ff
7 2 10 0000ff
7 3 10 0000ff
7 4 10 0000ff
7 5 10 0000ff
7 6 10 0000ff
7 7 10 0000ff
7 8 10 0000ff
7 9 10 0000ff
7 10 10 0000ff
7 11 10 0000ff
7 12 10 0000ff
7 13 10 0000ff
7 14 10 0000ff
7 15 10 0000ff
7 16 10 0000ff
7 17 10 0000ff
7 18 10 0000ff
7 19 10 0000ff
7 20 10 0000ff
7 21 10 0000ff
7 22 10 0000ff
7 23 10 0000ff
7 24 10 0000ff
7 25 10 0000ff
7 26 10 0000ff
7 27 10 0000ff
7 28 10 0000ff
7 29 10 0000ff
7 30 10 0000ff
7 31 10 0000ff
7 32 10 0000ff
7 33 10 0000ff
7 34 10 0000ff
7 35 10 0000ff
7 36 10 0000ff
7 37 10 0000ff
7 38 10 0000ff
7 39 10 0000ff
7 40 10 0000ff
7 41 10 0000ff
7 42 10 0000ff
7 43 10 0000ff
7 44 10 0000ff
7 45 10 0000ff
7 46 10 0000ff
7 47 10 0000ff
8 0 10 0000ff
8 1 10 0000ff
8 2 10 0000ff
8 3 10 0000ff
8 4 10 0000ff
8 5 10 0000ff
8 6 10 0000ff
8 7 10 0000ff
8 8 10 0000ff
8 9 10 0000ff
8 10 10 0000ff
8 11 10 0000ff
8 12 10 0000ff
8 13 10 0000ff
8 14 10 0000ff
8 15 10 0000ff
8 16 10 0000ff
8 17 10 0000ff
8 18 10 0000ff
8 19 10 0000ff
8 20 10 0000ff
8 21 10 0000ff
8 22 10 0000ff
8 23 10 0000ff
8 24 10 0000ff
8 25 10 0000ff
8 26 10 0000ff
8 27 10 0000ff
8 28 10 0000ff
8 29 10 0000ff
8 30 10 0000ff
8 31 10 0000ff
8 32 10 0000ff
8 33 10 0000ff
8 34 10 0000ff
8 35 10 0000ff
8 36 10 0000ff
8 37 10 0000ff
8 38 10 0000ff
8 39 10 0000ff
8 40 10 0000ff
8 41 10 0000ff
8 42 10 0000ff
8 43 10 0000ff
8 44 10 0000ff
8 45 10 0000ff
8 46 10 0000ff
8 47 10 0000ff
9 0 10 0000ff
9 1 10 0000ff
9 2 10 0000ff
9 3 10 0000ff
9 4 10 0000ff
9 5 10 0000ff
9 6 10 0000ff
9 7 10 0000ff
9 8 10 0000ff
9 9 10 0000ff
9 10 10 0000ff
9 11 10 0000ff
9 12 10 0000ff
9 13 10 0000ff
9 14 10 0000ff
9 15 10 0000ff
9 16 10 0000ff
9 17 10 0000ff
9 18 10 0000ff
9 19 10 0000ff
9 20 10 0000ff
9 21 10 0000ff
9 22 10 0000ff
9 23 10 0000ff
9 24 10 0000ff
9 25 10 0000ff
9 26 10 0000ff
9 27 10 0000ff
9 28 10 0000ff
9 29 10 0000ff
9 30 10 0000ff
9 31 10 0000ff
9 32 10 0000ff
9 33 10 0000ff
9 34 10 0000ff
9 35 10 0000ff
9 36 10 0000ff
9 37 10 0000ff
9 38 10 0000ff
9 39 10 0000ff
9 40 10 0000ff
9 41 10 0000ff
9 42 10 0000ff
9 43 10 0000ff
9 44 10 0000ff
9 45 10 0000ff
9 46 10 0000ff
9 47 10 0000ff
10 0 10 0000ff
10 1 10 0000ff
10 2 10 0000ff
10 3 10 0000ff
10 4 10 0000ff
10 5 10 0000ff
10 6 10 0000ff
10 7 10 0000ff
10 8 10 0000ff
10 9 10 0000ff
10 10 10 0000ff
10 11 10 0000ff
10 12 10 0000ff
10 13 10 0000ff
10 14 10 0000ff
10 15 10 0000ff
10 16 10 0000ff
10 17 10 0000ff
10 18 10 0000ff
10 19 10 0000ff
10 20 10 0000ff
10 21 10 0000ff
10 22 10 0000ff
10 23 10 0000ff
10 24 10 0000ff
10 25 10 0000ff
10 26 10 0000ff
10 27 10 0000ff
10 28 10 0000ff
10 29 10 0000ff
10 30 10 0000ff
10 31 10 0000ff
10 32 10 0000ff
10 33 10 0000ff
10 34 10 0000ff
10 35 10 0000ff
10 36 10 0000ff
10 37 10 0000ff
10 38 10 0000ff
10 39 10 0000ff
10 40 10 0000ff
10 41 10 0000ff
10 42 10 0000ff
10 43 10 0000ff
10 44 10 0000ff
10 45 10 0000ff
10 46 10 0000ff
10 47 10 0000ff
11 0 10 0000ff
11 1 10 0000ff
11 2 10 0000ff
11 3 10 0000ff
11 4 10 0000ff
11 5 10 0000ff
11 6 10 0000ff
11 7 10 0000ff
11 8 10 0000ff
11 9 10 0000ff
11 10 10 0000ff
11 11 10 0000ff
11 12 10 0000ff
11 13 10 0000ff
11 14 10 0000ff
11 15 10 0000ff
11 16 10 0000ff
11 17 10 0000ff
11 18 10 0000ff
11 19 10 0000ff
11 20 10 0000ff
11 21 10 0000ff
11 22 10 0000ff
11 23 10 0000ff
11 24 10 0000ff
11 25 10 0000ff
11 26 10 0000ff
11 27 10 0000ff
11 28 10 0000ff
11 29 10 0000ff
11 30 10 0000ff
11 31 10 0000ff
11 32 10 0000ff
11 33 10 0000ff
11 34 10 0000ff
11 35 10 0000ff
11 36 10 0000ff
11 37 10 0000ff
11 38 10 0000ff
11 39 10 0000ff
11 40 10 0000ff
11 41 10 0000ff
11 42 10 0000ff
11 43 10 0000ff
11 44 10 0000ff
11 45 10 0000ff
11 46 10 0000ff
11 47 10 0000ff
12 0 10 0000ff
12 1 10 0000ff
12 2 10 0000ff
12 3 10 0000ff
12 4 10 0000ff
12 5 10 0000ff
12 6 10 0000ff
12 7 10 0000ff
12 8 10 0000ff
12 9 10 0000ff
12 10 10 0000ff
12 11 10 0000ff
12 12 10 0000ff
12 13 10 0000ff
12 14 10 0000ff
12 15 10 0000ff
12 16 10 0000ff
12 17 10 0000ff
12 18 10 0000ff
12 19 10 0000ff
12 20 10 0000ff
12 21 10 0000ff
12 22 10 0000ff
12 23 10 0000ff
12 24 10 0000ff
12 25 10 0000ff
12 26 10 0000ff
12 27 10 0000ff
12 28 10 0000ff
12 29 10 0000ff
12 30 10 0000ff
12 31 10 0000ff
12 32 10 0000ff
12 33 10 0000ff
12 34 10 0000ff
12 35 10 0000ff
12 36 10 0000ff
12 37 10 0000ff
12 38 10 0000ff
12 39 10 0000ff
12 40 10 0000ff
12 41 10 0000ff
12 42 10 0000ff
12 43 10 0000ff
12 44 10 0000ff
12 45 10 0000ff
12 46 10 0000ff
12 47 10 0000ff
13 0 10 0000ff
13 1 10 0000ff
13 2 10 0000ff
13 3 10 0000ff
13 4 10 0000ff
13 5 10 0000ff
13 6 10 0000ff
13 7 10 0000ff
13 8 10 0000ff
13 9 10 0000ff
13 10 10 0000ff
13 11 10 0000ff
13 12 10 0000ff
13 13 10 0000ff
13 14 10 0000ff
13 15 10 0000ff
13 16 10 0000ff
13 17 10 0000ff
13 18 10 0000ff
13 19 10 0000ff
13 20 10 0000ff
13 21 10 0000ff
13 22 10 0000ff
13 23 10 0000ff
13 24 10 0000ff
13 25 10 0000ff
13 26 10 0000ff
13 27 10 0000ff
13 28 10 0000ff
13 29 10 0000ff
13 30 10 0000ff
13 31 10 0000ff
13 32 10 0000ff
13 33 10 0000ff
13 34 10 0000ff
13 35 10 0000ff
13 36 10 0000ff
13 37 10 0000ff
13 38 10 0000ff
13 39 10 0000ff
13 40 10 0000ff
13 41 10 0000ff
13 42 10 0000ff
13 43 10 0000ff
13 44 10 0000ff
13 45 10 0000ff
13 46 10 0000ff
13 47 10 0000ff
14 0 10 0000ff
14 1 10 0000ff
14 2 10 0000ff
14 3 10 0000ff
14 4 10 0000ff
14 5 10 0000ff
14 6 10 0000ff
14 7 10 0000ff
14 8 10 0000ff
14 9 10 0000ff
14 10 10 0000ff
14 11 10 0000ff
14 12 10 0000ff
14 13 10 0000ff
14 14 10 0000ff
14 15 10 0000ff
14 16 10 0000ff
14 17 10 0000ff
14 18 10 0000ff
14 19 10 0000ff
14 20 10 0000ff
14 21 10 0000ff
14 22 10 0000ff
14 23 10 0000ff
14 24 10 0000ff
14 25 10 0000ff
14 26 10 0000ff
14 27 10 0000ff
14 28 10 0000ff
14 29 10 0000ff
14 30 10 0000ff
14 31 10 0000ff
14 32 10 0000ff
14 33 10 0000ff
14 34 10 0000ff
14 35 10 0000ff
14 36 10 0000ff
14 37 10 0000ff
14 38 10 0000ff
14 39 10 0000ff
14 40 10 0000ff
14 41 10 0000ff
14 42 10 0000ff
14 43 10 0000ff
14 44 10 0000ff
14 45 10 0000ff
14 46 10 0000ff
14 47 10 0000ff
15 0 10 0000ff
15 1 10 0000ff
15 2 10 0000ff
15 3 10 0000ff
15 4 10 0000ff
15 5 10 0000ff
15 6 10 0000ff
15 7 10 0000ff
15 8 10 0000ff
15 9 10 0000ff
15 10 10 0000ff
15 11 10 0000ff
15 12 10 0000ff
15 13 10 0000ff
15 14 10 0000ff
15 15 10 0000ff
15 16 10 0000ff
15 17 10 0000ff
15 18 10 0000ff
15 19 10 0000ff
15 20 10 0000ff
15 21 10 0000ff
15 22 10 0000ff
15 23 10 0000ff
15 24 10 0000ff
15 25 10 0000ff
15 26 10 0000ff
15 27 10 0000ff
15 28 10 0000ff
15 29 10 0000ff
15 30 10 0000ff
15 31 10 0000ff
15 32 10 0000ff
15 33 10 0000ff
15 34 10 0000ff
15 35 10 0000ff
15 36 10 0000ff
15 37 10 0000ff
15 38 10 0000ff
15 39 10 0000ff
15 40 10 0000ff
15 41 10 0000ff
15 42 10 0000ff
15 43 10 0000ff
15 44 10 0000ff
15 45 10 0000ff
15 46 10 0000ff
15 47 10 0000ff
16 0 10 0000ff
16 1 10 0000ff
16 2 10 0000ff
16 3 10 0000ff
16 4 10 0000ff
16 5 10 0000ff
16 6 10 0000ff
16 7 10 0000ff
16 8 10 0000ff
16 9 10 0000ff
16 10 10 0000ff
16 11 10 0000ff
16 12 10 0000ff
16 13 10 0000ff
16 14 10 0000ff
16 15 10 0000ff
16 16 10 0000ff
16 17 10 0000ff
16 18 10 0000ff
16 19 10 0000ff
16 20 10 0000ff
16 21 10 0000ff
16 22 10 0000ff
16 23 10 0000ff
16 24 10 0000ff
16 25 10 0000ff
16 26 10 0000ff
16 27 10 0000ff
16 28 10 0000ff
16 29 10 0000ff
16 30 10 0000ff
16 31 10 0000ff
16 32 10 0000ff
16 33 10 0000ff
16 34 10 0000ff
16 35 10 0000ff
16 36 10 0000ff
16 37 10 0000ff
16 38 10 0000ff
16 39 10 0000ff
16 40 10 0000ff
16 41 10 0000ff
16 42 10 0000ff
16 43 10 0000ff
16 44 10 0000ff
16 45 10 0000ff
16 46 10 0000ff
16 47 10 0000ff
17 0 10 0000ff
17 1 10 0000ff
17 2 10 0000ff
17 3 10 0000ff
17 4 10 0000ff
17 5 10 0000ff
17 6 10 0000ff
17 7 10 0000ff
17 8 10 0000ff
17 9 10 0000ff
17 10 10 0000ff
17 11 10 0000ff
17 12 10 0000ff
17 13 10 0000ff
17 14 10 0000ff
17 15 10 0000ff
17 16 10 0000ff
17 17 10 0000ff
17 18 10 0000ff
17 19 10 0000ff
17 20 10 0000ff
17 21 10 0000ff
17 22 10 0000ff
17 23 10 0000ff
17 24 10 0000ff
17 25 10 0000ff
17 26 10 0000ff
17 27 10 0000ff
17 28 10 0000ff
17 29 10 0000ff
17 30 10 0000ff
17 31 10 0000ff
17 32 10 0000ff
17 33 10 0000ff
17 34 10 0000ff
17 35 10 0000ff
17 36 10 0000ff
17 37 10 0000ff
17 38 10 0000ff
17 39 10 0000ff
17 40 10 0000ff
17 41 10 0000ff
17 42 10 0000ff
17 43 10 0000ff
17 44 10 0000ff
17 45 10 0000ff
17 46 10 0000ff
17 47 10 0000ff
18 0 10 0000ff
18 1 10 0000ff
18 2 10 0000ff
18 3 10 0000ff
18 4 10 0000ff
18 5 10 0000ff
18 6 10 0000ff
18 7 10 0000ff
18 8 10 0000ff
18 9 10 0000ff
18 10 10 0000ff
18 11 10 0000ff
18 12 10 0000ff
18 13 10 0000ff
18 14 10 0000ff
18 15 10 0000ff
18 16 10 0000ff
18 17 10 0000ff
18 18 10 0000ff
18 19 10 0000ff
18 20 10 0000ff
18 21 10 0000ff
18 22 10 0000ff
18 23 10 0000ff
18 24 10 0000ff
18 25 10 0000ff
18 26 10 0000ff
18 27 10 0000ff
18 28 10 0000ff
18 29 10 0000ff
18 30 10 0000ff
18 31 10 0000ff
18 32 10 0000ff
18 33 10 0000ff
18 34 10 0000ff
18 35 10 0000ff
18 36 10 0000ff
18 37 10 0000ff
18 38 10 0000ff
18 39 10 0000ff
18 40 10 0000ff
18 41 10 0000ff
18 42 10 0000ff
18 43 10 0000ff
18 44 10 0000ff
18 45 10 0000ff
18 46 10 0000ff
18 47 10 0000ff
19 0 10 0000ff
19 1 10 0000ff
19 2 10 0000ff
19 3 10 0000ff
19 4 10 0000ff
19 5 10 0000ff
19 6 10 0000ff
19 7 10 0000ff
19 8 10 0000ff
19 9 10 0000ff
19 10 10 0000ff
19 11 10 0000ff
19 12 10 0000ff
19 13 10 0000ff
19 14 10 0000ff
19 15 10 0000ff
19 16 10 0000ff
19 17 10 0000ff
19 18 10 0000ff
19 19 10 0000ff
19 20 10 0000ff
19 21 10 0000ff
19 22 10 0000ff
19 23 10 0000ff
19 24 10 0000ff
19 25 10 0000ff
19 26 10 0000ff
19 27 10 0000ff
19 28 10 0000ff
19 29 10 0000ff
19 30 10 0000ff
19 31 10 0000ff
19 32 10 0000ff
19 33 10 0000ff
19 34 10 0000ff
19 35 10 0000ff
19 36 10 0000ff
19 37 10 0000ff
19 38 10 0000ff
19 39 10 0000ff
19 40 10 0000ff
19 41 10 0000ff
19 42 10 0000ff
19 43 10 0000ff
19 44 10 0000ff
19 45 10 0000ff
19 46 10 0000ff
19 47 10 0000ff
20 0 10 0000ff
20 1 10 0000ff
20 2 10 0000ff
20 3 10 0000ff
20 4 10 0000ff
20 5 10 0000ff
20 6 10 0000ff
20 7 10 0000ff
20 8 10 0000ff
20 9 10 0000ff
20 10 10 0000ff
20 11 10 0000ff
20 12 10 0000ff
20 13 10 0000ff
20 14 10 0000ff
20 15 10 0000ff
20 16 10 0000ff
20 17 10 0000ff
20 18 10 0000ff
20 19 10 0000ff
20 20 10 0000ff
20 21 10 0000ff
20 22 10 0000ff
20 23 10 0000ff
20 24 10 0000ff
20 25 10 0000ff
20 26 10 0000ff
20 27 10 0000ff
20 28 10 0000ff
20 29 10 0000ff
20 30 10 0000ff
20 31 10 0000ff
20 32 10 0000ff
20 33 10 0000ff
20 34 10 0000ff
20 35 10 0000ff
20 36 10 0000ff
20 37 10 0000ff
20 38 10 0000ff
20 39 10 0000ff
20 40 10 0000ff
20 41 10 0000ff
20 42 10 0000ff
20 43 10 0000ff
20 44 10 0000ff
20 45 10 0000ff
20 46 10 0000ff
20 47 10 0000ff
21 0 10 0000ff
21 1 10 0000ff
21 2 10 0000ff
21 3 10 0000ff
21 4 10 0000ff
21 5 10 0000ff
21 6 10 0000ff
21 7 10 0000ff
21 8 10 0000ff
21 9 10 0000ff
21 10 10 0000ff
21 11 10 0000ff
21 12 10 0000ff
21 13 10 0000ff
21 14 10 0000ff
21 15 10 0000ff
21 16 10 0000ff
21 17 10 0000ff
21 18 10 0000ff
21 19 10 0000ff
21 20 10 0000ff
21 21 10 0000ff
21 22 10 0000ff
21 23 10 0000ff
21 24 10 0000ff
21 25 10 0000ff
21 26 10 0000ff
21 27 10 0000ff
21 28 10 0000ff
21 29 10 0000ff
21 30 10 0000ff
21 31 10 0000ff
21 32 10 0000ff
21 33 10 0000ff
21 34 10 0000ff
21 35 10 0000ff
21 36 10 0000ff
21 37 10 0000ff
21 38 10 0000ff
21 39 10 0000ff
21 40 10 0000ff
21 41 10 0000ff
21 42 10 0000ff
21 43 10 0000ff
21 44 10 0000ff
21 45 10 0000ff
21 46 10 0000ff
21 47 10 0000ff
22 0 10 0000ff
22 1 10 0000ff
22 2 10 0000ff
22 3 10 0000ff
22 4 10 0000ff
22 5 10 0000ff
22 6 10 0000ff
22 7 10 0000ff
22 8 10 0000ff
22 9 10 0000ff
22 10 10 0000ff
22 11 10 0000ff
22 12 10 0000ff
22 13 10 0000ff
22 14 10 0000ff
22 15 10 0000ff
22 16 10 0000ff
22 17 10 0000ff
22 18 10 0000ff
22 19 10 0000ff
22 20 10 0000ff
22 21 10 0000ff
22 22 10 0000ff
22 23 10 0000ff
22 24 10 0000ff
22 25 10 0000ff
22 26 10 0000ff
22 27 10 0000ff
22 28 10 0000ff
22 29 10 0000ff
22 30 10 0000ff
22 31 10 0000ff
22 32 10 0000ff
22 33 10 0000ff
22 34 10 0000ff
22 35 10 0000ff
22 36 10 0000ff
22 37 10 0000ff
22 38 10 0000ff
22 39 10 0000ff
22 40 10 0000ff
22 41 10 0000ff
22 42 10 0000ff
22 43 10 0000ff
22 44 10 0000ff
22 45 10 0000ff
22 46 10 0000ff
22 47 10 0000ff
23 0 10 0000ff
23 1 10 0000ff
23 2 10 0000ff
23 3 10 0000ff
23 4 10 0000ff
23 5 10 0000ff
23 6 10 0000ff
23 7 10 0000ff
23 8 10 0000ff
23 9 10 0000ff
23 10 10 0000ff
23 11 10 0000ff
23 12 10 0000ff
23 13 10 0000ff
23 14 10 0000ff
23 15 10 0000ff
23 16 10 0000ff
23 17 10 0000ff
23 18 10 0000ff
23 19 10 0000ff
23 20 10 0000ff
23 21 10 0000ff
23 22 10 0000ff
23 23 10 0000ff
23 24 10 0000ff
23 25 10 0000ff
23 26 10 0000ff
23 27 10 0000ff
23 28 10 0000ff
23 29 10 0000ff
23 30 10 0000ff
23 31 10 0000ff
23 32 10 0000ff
23 33 10 0000ff
23 34 10 0000ff
23 35 10 0000ff
23 36 10 0000ff
23 37 10 0000ff
23 38 10 0000ff
23 39 10 0000ff
23 40 10 0000ff
23 41 10 0000ff
23 42 10 0000ff
23 43 10 0000ff
23 44 10 0000ff
23 45 10 0000ff
23 46 10 0000ff
23 47 10 0000ff
24 0 10 0000ff
24 1 10 0000ff
24 2 10 0000ff
24 3 10 0000ff
24 4 10 0000ff
24 5 10 0000ff
24 6 10 0000ff
24 7 10 0000ff
24 8 10 0000ff
24 9 10 0000ff
24 10 10 0000ff
24 11 10 0000ff
24 12 10 0000ff
24 13 10 0000ff
24 14 10 0000ff
24 15 10 0000ff
24 16 10 0000ff
24 17 10 0000ff
24 18 10 0000ff
24 19 10 0000ff
24 20 10 0000ff
24 21 10 0000ff
24 22 10 0000ff
24 23 10 0000ff
24 24 10 0000ff
24 25 10 0000ff
24 26 10 0000ff
24 27 10 0000ff
24 28 10 0000ff
24 29 10 0000ff
24 30 10 0000ff
24 31 10 0000ff
24 32 10 0000ff
24 33 10 0000ff
24 34 10 0000ff
24 35 10 0000ff
24 36 10 0000ff
24 37 10 0000ff
24 38 10 0000ff
24 39 10 0000ff
24 40 10 0000ff
24 41 10 0000ff
24 42 10 0000ff
24 43 10 0000ff
24 44 10 0000ff
24 45 10 0000ff
24 46 10 0000ff
24 47 10 0000ff
25 0 10 0000ff
25 1 10 0000ff
25 2 10 0000ff
25 3 10 0000ff
25 4 10 0000ff
25 5 10 0000ff
25 6 10 0000ff
25 7 10 0000ff
25 8 10 0000ff
25 9 10 0000ff
25 10 10 0000ff
25 11 10 0000ff
25 12 10 0000ff
25 13 10 0000ff
25 14 10 0000ff
25 15 10 0000ff
25 16 10 0000ff
25 17 10 0000ff
25 18 10 0000ff
25 19 10 0000ff
25 20 10 0000ff
25 21 10 0000ff
25 22 10 0000ff
25 23 10 0000ff
25 24 10 0000ff
25 25 10 0000ff
25 26 10 0000ff
25 27 10 0000ff
25 28 10 0000ff
25 29 10 0000ff
25 30 10 0000ff
25 31 10 0000ff
25 32 10 0000ff
25 33 10 0000ff
25 34 10 0000ff
25 35 10 0000ff
25 36 10 0000ff
25 37 10 0000ff
25 38 10 0000ff
25 39 10 0000ff
25 40 10 0000ff
25 41 10 0000ff
25 42 10 0000ff
25 43 10 0000ff
25 44 10 0000ff
25 45 10 0000ff
25 46 10 0000ff
25 47 10 0000ff
26 0 10 0000ff
26 1 10 0000ff
26 2 10 0000ff
26 3 10 0000ff
26 4 10 0000ff
26 5 10 0000ff
26 6 10 0000ff
26 7 10 0000ff
26 8 10 0000ff
26 9 10 0000ff
26 10 10 0000ff
26 11 10 0000ff
26 12 10 0000ff
26 13 10 0000ff
26 14 10 0000ff
26 15 10 0000ff
26 16 10 0000ff
26 17 10 0000ff
26 18 10 0000ff
26 19 10 0000ff
26 20 10 0000ff
26 21 10 0000ff
26 22 10 0000ff
26 23 10 0000ff
26 24 10 0000ff
26 25 10 0000ff
26 26 10 0000ff
26 27 10 0000ff
26 28 10 0000ff
26 29 10 0000ff
26 30 10 0000ff
26 31 10 0000ff
26 32 10 0000ff
26 33 10 0000ff
26 34 10 0000ff
26 35 10 0000ff
26 36 10 0000ff
26 37 10 0000ff
26 38 10 0000ff
26 39 10 0000ff
26 40 10 0000ff
26 41 10 0000ff
26 42 10 0000ff
26 43 10 0000ff
26 44 10 0000ff
26 45 10 0000ff
26 46 10 0000ff
26 47 10 0000ff
27 0 10 0000ff
27 1 10 0000ff
27 2 10 0000ff
27 3 10 0000ff
27 4 10 0000ff
27 5 10 0000ff
27 6 10 0000ff
27 7 10 0000ff
27 8 10 0000ff
27 9 10 0000ff
27 10 10 0000ff
27 11 10 0000ff
27 12 10 0000ff
27 13 10 0000ff
27 14 10 0000ff
27 15 10 0000ff
27 16 10 0000ff
27 17 10 0000ff
27 18 10 0000ff
27 19 10 0000ff
27 20 10 0000ff
27 21 10 0000ff
27 22 10 0000ff
27 23 10 0000ff
27 24 10 0000ff
27 25 10 0000ff
27 26 10 0000ff
27 27 10 0000ff
27 28 10 0000ff
27 29 10 0000ff
27 30 10 0000ff
27 31 10 0000ff
27 32 10 0000ff
27 33 10 0000ff
27 34 10 0000ff
27 35 10 0000ff
27 36 10 0000ff
27 37 10 0000ff
27 38 10 0000ff
27 39 10 0000ff
27 40 10 0000ff
27 41 10 0000ff
27 42 10 0000ff
27 43 10 0000ff
27 44 10 0000ff
27 45 10 0000ff
27 46 10 0000ff
27 47 10 0000ff
28 0 10 0000ff
28 1 10 0000ff
28 2 10 0000ff
28 3 10 0000ff
28 4 10 0000ff
28 5 10 0000ff
28 6 10 0000ff
28 7 10 0000ff
28 8 10 0000ff
28 9 10 0000ff
28 10 10 0000ff
28 11 10 0000ff
28 12 10 0000ff
28 13 10 0000ff
28 14 10 0000ff
28 15 10 0000ff
28 16 10 0000ff
28 17 10 0000ff
28 18 10 0000ff
28 19 10 0000ff
28 20 10 0000ff
28 21 10 0000ff
28 22 10 0000ff
28 23 10 0000ff
28 24 10 0000ff
28 25 10 0000ff
28 26 10 0000ff
28 27 10 0000ff
28 28 10 0000ff
28 29 10 0000ff
28 30 10 0000ff
28 31 10 0000ff
28 32 10 0000ff
28 33 10 0000ff
28 34 10 0000ff
28 35 10 0000ff
28 36 10 0000ff
28 37 10 0000ff
28 38 10 0000ff
28 39 10 0000ff
28 40 10 0000ff
28 41 10 0000ff
28 42 10 0000ff
28 43 10 0000ff
28 44 10 0000ff
28 45 10 0000ff
28 46 10 0000ff
28 47 10 0000ff
29 0 10 0000ff
29 1 10 0000ff
29 2 10 0000ff
29 3 10 0000ff
29 4 10 0000ff
29 5 10 0000ff
29 6 10 0000ff
29 7 10 0000ff
29 8 10 0000ff
29 9 10 0000ff
29 10 10 0000ff
29 11 10 0000ff
29 12 10 0000ff
29 13 10 0000ff
29 14 10 0000ff
29 15 10 0000ff
29 16 10 0000ff
29 17 10 0000ff
29 18 10 0000ff
29 19 10 0000ff
29 20 10 0000ff
29 21 10 0000ff
29 22 10 0000ff
29 23 10 0000ff
29 24 10 0000ff
29 25 10 0000ff
29 26 10 0000ff
29 27 10 0000ff
29 28 10 0000ff
29 29 10 0000ff
29 30 10 0000ff
29 31 10 0000ff
29 32 10 0000ff
29 33 10 0000ff
29 34 10 0000ff
29 35 10 0000ff
29 36 10 0000ff
29 37 10 0000ff
29 38 10 0000ff
29 39 10 0000ff
29 40 10 0000ff
29 41 10 0000ff
29 42 10 0000ff
29 43 10 0000ff
29 44 10 0000ff
29 45 10 0000ff
29 46 10 0000ff
29 47 10 0000ff
30 0 10 0000ff
30 1 10 0000ff
30 2 10 0000ff
30 3 10 0000ff
30 4 10 0000ff
30 5 10 0000ff
30 6 10 0000ff
30 7 10 0000ff
30 8 10 0000ff
30 9 10 0000ff
30 10 10 0000ff
30 11 10 0000ff
30 12 10 0000ff
30 13 10 0000ff
30 14 10 0000ff
30 15 10 0000ff
30 16 10 0000ff
30 17 10 0000ff
30 18 10 0000ff
30 19 10 0000ff
30 20 10 0000ff
30 21 10 0000ff
30 22 10 0000ff
30 23 10 0000ff
30 24 10 0000ff
30 25 10 0000ff
30 26 10 0000ff
30 27 10 0000ff
30 28 10 0000ff
30 29 10 0000ff
30 30 10 0000ff
30 31 10 0000ff
30 32 10 0000ff
30 33 10 0000ff
30 34 10 0000ff
30 35 10 0000ff
30 36 10 0000ff
30 37 10 0000ff
30 38 10 0000ff
30 39 10 0000ff
30 40 10 0000ff
30 41 10 0000ff
30 42 10 0000ff
30 43 10 0000ff
30 44 10 0000ff
30 45 10 0000ff
30 46 10 0000ff
30 47 10 0000ff
31 0 10 0000ff
31 1 10 0000ff
31 2 10 0000ff
31 3 10 0000ff
31 4 10 0000ff
31 5 10 0000ff
31 6 10 0000ff
31 7 10 0000ff
31 8 10 0000ff
31 9 10 0000ff
31 10 10 0000ff
31 11 10 0000ff
31 12 10 0000ff
31 13 10 0000ff
31 14 10 0000ff
31 15 10 0000ff
31 16 10 0000ff
31 17 10 0000ff
31 18 10 0000ff
31 19 10 0000ff
31 20 10 0000ff
31 21 10 0000ff
31 22 10 0000ff
31 23 10 0000ff
31 24 10 0000ff
31 25 10 0000ff
31 26 10 0000ff
31 27 10 0000ff
31 28 10 0000ff
31 29 10 0000ff
31 30 10 0000ff
31 31 10 0000ff
31 32 10 0000ff
31 33 10 0000ff
31 34 10 0000ff
31 35 10 0000ff
31 36 10 0000ff
31 37 10 0000ff
31 38 10 0000ff
31 39 10 0000ff
31 40 10 0000ff
31 41 10 0000ff
31 42 10 0000ff
31 43 10 0000ff
31 44 10 0000ff
31 45 10 0000ff
31 46 10 0000ff
31 47 10 0000ff
32 0 10 0000ff
32 1 10 0000ff
32 2 10 0000ff
32 3 10 0000ff
32 4 10 0000ff
32 5 10 0000ff
32 6 10 0000ff
32 7 10 0000ff
32 8 10 0000ff
32 9 10 0000ff
32 10 10 0000ff
32 11 10 0000ff
32 12 10 0000ff
32 13 10 0000ff
32 14 10 0000ff
32 15 10 0000ff
32 16 10 0000ff
32 17 10 0000ff
32 18 10 0000ff
32 19 10 0000ff
32 20 10 0000ff
32 21 10 0000ff
32 22 10 0000ff
32 23 10 0000ff
32 24 10 0000ff
32 25 10 0000ff
32 26 10 0000ff
32 27 10 0000ff
32 28 10 0000ff
32 29 10 0000ff
32 30 10 0000ff
32 31 10 0000ff
32 32 10 0000ff
32 33 10 0000ff
32 34 10 0000ff
32 35 10 0000ff
32 36 10 0000ff
32 37 10 0000ff
32 38 10 0000ff
32 39 10 0000ff
32 40 10 0000ff
32 41 10 0000ff
32 42 10 0000ff
32 43 10 0000ff
32 44 10 0000ff
32 45 10 0000ff
32 46 10 0000ff
32 47 10 0000ff
33 0 10 0000ff
33 1 10 0000ff
33 2 10 0000ff
33 3 10 0000ff
33 4 10 0000ff
33 5 10 0000ff
33 6 10 0000ff
33 7 10 0000ff
33 8 10 0000ff
33 9 10 0000ff
33 10 10 0000ff
33 11 10 0000ff
33 12 10 0000ff
33 13 10 0000ff
33 14 10 0000ff
33 15 10 0000ff
33 16 10 0000ff
33 17 10 0000ff
33 18 10 0000ff
33 19 10 0000ff
33 20 10 0000ff
33 21 10 0000ff
33 22 10 0000ff
33 23 10 0000ff
33 24 10 0000ff
33 25 10 0000ff
33 26 10 0000ff
33 27 10 0000ff
33 28 10 0000ff
33 29 10 0000ff
33 30 10 0000ff
33 31 10 0000ff
33 32 10 0000ff
33 33 10 0000ff
33 34 10 0000ff
33 35 10 0000ff
33 36 10 0000ff
33 37 10 0000ff
33 38 10 0000ff
33 39 10 0000ff
33 40 10 0000ff
33 41 10 0000ff
33 42 10 0000ff
33 43 10 0000ff
33 44 10 0000ff
33 45 10 0000ff
33 46 10 0000ff
33 47 10 0000ff
34 0 10 0000ff
34 1 10 0000ff
34 2 10 0000ff
34 3 10 0000ff
34 4 10 0000ff
34 5 10 0000ff
34 6 10 0000ff
34 7 10 0000ff
34 8 10 0000ff
34 9 10 0000ff
34 10 10 0000ff
34 11 10 0000ff
34 12 10 0000ff
34 13 10 0000ff
34 14 10 0000ff
34 15 10 0000ff
34 16 10 0000ff
34 17 10 0000ff
34 18 10 0000ff
34 19 10 0000ff
34 20 10 0000ff
34 21 10 0000ff
34 22 10 0000ff
34 23 10 0000ff
34 24 10 0000ff
34 25 10 0000ff
34 26 10 0000ff
34 27 10 0000ff
34 28 10 0000ff
34 29 10 0000ff
34 30 10 0000ff
34 31 10 0000ff
34 32 10 0000ff
34 33 10 0000ff
34 34 10 0000ff
34 35 10 0000ff
34 36 10 0000ff
34 37 10 0000ff
34 38 10 0000ff
34 39 10 0000ff
34 40 10 0000ff
34 41 10 0000ff
34 42 10 0000ff
34 43 10 0000ff
34 44 10 0000ff
34 45 10 0000ff
34 46 10 0000ff
34 47 10 0000ff
35 0 10 0000ff
35 1 10 0000ff
35 2 10 0000ff
35 3 10 0000ff
35 4 10 0000ff
35 5 10 0000ff
35 6 10 0000ff
35 7 10 0000ff
35 8 10 0000ff
35 9 10 0000ff
35 10 10 0000ff
35 11 10 0000ff
35 12 10 0000ff
35 13 10 0000ff
35 14 10 0000ff
35 15 10 0000ff
35 16 10 0000ff
35 17 10 0000ff
35 18 10 0000ff
35 19 10 0000ff
35 20 10 0000ff
35 21 10 0000ff
35 22 10 0000ff
35 23 10 0000ff
35 24 10 0000ff
35 25 10 0000ff
35 26 10 0000ff
35 27 10 0000ff
35 28 10 0000ff
35 29 10 0000ff
35 30 10 0000ff
35 31 10 0000ff
35 32 10 0000ff
35 33 10 0000ff
35 34 10 0000ff
35 35 10 0000ff
35 36 10 0000ff
35 37 10 0000ff
35 38 10 0000ff
35 39 10 0000ff
35 40 10 0000ff
35 41 10 0000ff
35 42 10 0000ff
35 43 10 0000ff
35 44 10 0000ff
35 45 10 0000ff
35 46 10 0000ff
35 47 10 0000ff
36 0 10 0000ff
36 1 10 0000ff
36 2 10 0000ff
36 3 10 0000ff
36 4 10 0000ff
36 5 10 0000ff
36 6 10 0000ff
36 7 10 0000ff
36 8 10 0000ff
36 9 10 0000ff
36 10 10 0000ff
36 11 10 0000ff
36 12 10 0000ff
36 13 10 0000ff
36 14 10 0000ff
36 15 10 0000ff
36 16 10 0000ff
36 17 10 0000ff
36 18 10 0000ff
36 19 10 0000ff
36 20 10 0000ff
36 21 10 0000ff
36 22 10 0000ff
36 23 10 0000ff
36 24 10 0000ff
36 25 10 0000ff
36 26 10 0000ff
36 27 10 0000ff
36 28 10 0000ff
36 29 10 0000ff
36 30 10 0000ff
36 31 10 0000ff
36 32 10 0000ff
36 33 10 0000ff
36 34 10 0000ff
36 35 10 0000ff
36 36 10 0000ff
36 37 10 0000ff
36 38 10 0000ff
36 39 10 0000ff
36 40 10 0000ff
36 41 10 0000ff
36 42 10 0000ff
36 43 10 0000ff
36 44 10 0000ff
36 45 10 0000ff
36 46 10 0000ff
36 47 10 0000ff
37 0 10 0000ff
37 1 10 0000ff
37 2 10 0000ff
37 3 10 0000ff
37 4 10 0000ff
37 5 10 0000ff
37 6 10 0000ff
37 7 10 0000ff
37 8 10 0000ff
37 9 10 0000ff
37 10 10 0000ff
37 11 10 0000ff
37 12 10 0000ff
37 13 10 0000ff
37 14 10 0000ff
37 15 10 0000ff
37 16 10 0000ff
37 17 10 0000ff
37 18 10 0000ff
37 19 10 0000ff
37 20 10 0000ff
37 21 10 0000ff
37 22 10 0000ff
37 23 10 0000ff
37 24 10 0000ff
37 25 10 0000ff
37 26 10 0000ff
37 27 10 0000ff
37 28 10 0000ff
37 29 10 0000ff
37 30 10 0000ff
37 31 10 0000ff
37 32 10 0000ff
37 33 10 0000ff
37 34 10 0000ff
37 35 10 0000ff
37 36 10 0000ff
37 37 10 0000ff
37 38 10 0000ff
37 39 10 0000ff
37 40 10 0000ff
37 41 10 0000ff
37 42 10 0000ff
37 43 10 0000ff
37 44 10 0000ff
37 45 10 0000ff
37 46 10 0000ff
37 47 10 0000ff
38 0 10 0000ff
38 1 10 0000ff
38 2 10 0000ff
38 3 10 0000ff
38 4 10 0000ff
38 5 10 0000ff
38 6 10 0000ff
38 7 10 0000ff
38 8 10 0000ff
38 9 10 0000ff
38 10 10 0000ff
38 11 10 0000ff
38 12 10 0000ff
38 13 10 0000ff
38 14 10 0000ff
38 15 10 0000ff
38 16 10 0000ff
38 17 10 0000ff
38 18 10 0000ff
38 19 10 0000ff
38 20 10 0000ff
38 21 10 0000ff
38 22 10 0000ff
38 23 10 0000ff
38 24 10 0000ff
38 25 10 0000ff
38 26 10 0000ff
38 27 10 0000ff
38 28 10 0000ff
38 29 10 0000ff
38 30 10 0000ff
38 31 10 0000ff
38 32 10 0000ff
38 33 10 0000ff
38 34 10 0000ff
38 35 10 0000ff
38 36 10 0000ff
38 37 10 0000ff
38 38 10 0000ff
38 39 10 0000ff
38 40 10 0000ff
38 41 10 0000ff
38 42 10 0000ff
38 43 10 0000ff
38 44 10 0000ff
38 45 10 0000ff
38 46 10 0000ff
38 47 10 0000ff
39 0 10 0000ff
39 1 10 0000ff
39 2 10 0000ff
39 3 10 0000ff
39 4 10 0000ff
39 5 10 0000ff
39 6 10 0000ff
39 7 10 0000ff
39 8 10 0000ff
39 9 10 0000ff
39 10 10 0000ff
39 11 10 0000ff
39 12 10 0000ff
39 13 10 0000ff
39 14 10 0000ff
39 15 10 0000ff
39 16 10 0000ff
39 17 10 0000ff
39 18 10 0000ff
39 19 10 0000ff
39 20 10 0000ff
39 21 10 0000ff
39 22 10 0000ff
39 23 10 0000ff
39 24 10 0000ff
39 25 10 0000ff
39 26 10 0000ff
39 27 10 0000ff
39 28 10 0000ff
39 29 10 0000ff
39 30 10 0000ff
39 31 10 0000ff
39 32 10 0000ff
39 33 10 0000ff
39 34 10 0000ff
39 35 10 0000ff
39 36 10 0000ff
39 37 10 0000ff
39 38 10 0000ff
39 39 10 0000ff
39 40 10 0000ff
39 41 10 0000ff
39 42 10 0000ff
39 43 10 0000ff
39 44 10 0000ff
39 45 10 0000ff
39 46 10 0000ff
39 47 10 0000ff
40 0 10 0000ff
40 1 10 0000ff
40 2 10 0000ff
40 3 10 0000ff
40 4 10 0000ff
40 5 10 0000ff
40 6 10 0000ff
40 7 10 0000ff
40 8 10 0000ff
40 9 10 0000ff
40 10 10 0000ff
40 11 10 0000ff
40 12 10 0000ff
40 13 10 0000ff
40 14 10 0000ff
40 15 10 0000ff
40 16 10 0000ff
40 17 10 0000ff
40 18 10 0000ff
40 19 10 0000ff
40 20 10 0000ff
40 21 10 0000ff
40 22 10 0000ff
40 23 10 0000ff
40 24 10 0000ff
40 25 10 0000ff
40 26 10 0000ff
40 27 10 0000ff
40 28 10 0000ff
40 29 10 0000ff
40 30 10 0000ff
40 31 10 0000ff
40 32 10 0000ff
40 33 10 0000ff
40 34 10 0000ff
40 35 10 0000ff
40 36 10 0000ff
40 37 10 0000ff
40 38 10 0000ff
40 39 10 0000ff
40 40 10 0000ff
40 41 10 0000ff
40 42 10 0000ff
40 43 10 0000ff
40 44 10 0000ff
40 45 10 0000ff
40 46 10 0000ff
40 47 10 0000ff
41 0 10 0000ff
41 1 10 0000ff
41 2 10 0000ff
41 3 10 0000ff
41 4 10 0000ff
41 5 10 0000ff
41 6 10 0000ff
41 7 10 0000ff
41 8 10 0000ff
41 9 10 0000ff
41 10 10 0000ff
41 11 10 0000ff
41 12 10 0000ff
41 13 10 0000ff
41 14 10 0000ff
41 15 10 0000ff
41 16 10 0000ff
41 17 10 0000ff
41 18 10 0000ff
41 19 10 0000ff
41 20 10 0000ff
41 21 10 0000ff
41 22 10 0000ff
41 23 10 0000ff
41 24 10 0000ff
41 25 10 0000ff
41 26 10 0000ff
41 27 10 0000ff
41 28 10 0000ff
41 29 10 0000ff
41 30 10 0000ff
41 31 10 0000ff
41 32 10 0000ff
41 33 10 0000ff
41 34 10 0000ff
41 35 10 0000ff
41 36 10 0000ff
41 37 10 0000ff
41 38 10 0000ff
41 39 10 0000ff
41 40 10 0000ff
41 41 10 0000ff
41 42 10 0000ff
41 43 10 0000ff
41 44 10 0000ff
41 45 10 0000ff
41 46 10 0000ff
41 47 10 0000ff
42 0 10 0000ff
42 1 10 0000ff
42 2 10 0000ff
42 3 10 0000ff
42 4 10 0000ff
42 5 10 0000ff
42 6 10 0000ff
42 7 10 0000ff
42 8 10 0000ff
42 9 10 0000ff
42 10 10 0000ff
42 11 10 0000ff
42 12 10 0000ff
42 13 10 0000ff
42 14 10 0000ff
42 15 10 0000ff
42 16 10 0000ff
42 17 10 0000ff
42 18 10 0000ff
42 19 10 0000ff
42 20 10 0000ff
42 21 10 0000ff
42 22 10 0000ff
42 23 10 0000ff
42 24 10 0000ff
42 25 10 0000ff
42 26 10 0000ff
42 27 10 0000ff
42 28 10 0000ff
42 29 10 0000ff
42 30 10 0000ff
42 31 10 0000ff
42 32 10 0000ff
42 33 10 0000ff
42 34 10 0000ff
42 35 10 0000ff
42 36 10 0000ff
42 37 10 0000ff
42 38 10 0000ff
42 39 10 0000ff
42 40 10 0000ff
42 41 10 0000ff
42 42 10 0000ff
42 43 10 0000ff
42 44 10 0000ff
42 45 10 0000ff
42 46 10 0000ff
42 47 10 0000ff
43 0 10 0000ff
43 1 10 0000ff
43 2 10 0000ff
43 3 10 0000ff
43 4 10 0000ff
43 5 10 0000ff
43 6 10 0000ff
43 7 10 0000ff
43 8 10 0000ff
43 9 10 0000ff
43 10 10 0000ff
43 11 10 0000ff
43 12 10 0000ff
43 13 10 0000ff
43 14 10 0000ff
43 15 10 0000ff
43 16 10 0000ff
43 17 10 0000ff
43 18 10 0000ff
43 19 10 0000ff
43 20 10 0000ff
43 21 10 0000ff
43 22 10 0000ff
43 23 10 0000ff
43 24 10 0000ff
43 25 10 0000ff
43 26 10 0000ff
43 27 10 0000ff
43 28 10 0000ff
43 29 10 0000ff
43 30 10 0000ff
43 31 10 0000ff
43 32 10 0000ff
43 33 10 0000ff
43 34 10 0000ff
43 35 10 0000ff
43 36 10 0000ff
43 37 10 0000ff
43 38 10 0000ff
43 39 10 0000ff
43 40 10 0000ff
43 41 10 0000ff
43 42 10 0000ff
43 43 10 0000ff
43 44 10 0000ff
43 45 10 0000ff
43 46 10 0000ff
43 47 10 0000ff
44 0 10 0000ff
44 1 10 0000ff
44 2 10 0000ff
44 3 10 0000ff
44 4 10 0000ff
44 5 10 0000ff
44 6 10 0000ff
44 7 10 0000ff
44 8 10 0000ff
44 9 10 0000ff
44 10 10 0000ff
44 11 10 0000ff
44 12 10 0000ff
44 13 10 0000ff
44 14 10 0000ff
44 15 10 0000ff
44 16 10 0000ff
44 17 10 0000ff
44 18 10 0000ff
44 19 10 0000ff
44 20 10 0000ff
44 21 10 0000ff
44 22 10 0000ff
44 23 10 0000ff
44 24 10 0000ff
44 25 10 0000ff
44 26 10 0000ff
44 27 10 0000ff
44 28 10 0000ff
44 29 10 0000ff
44 30 10 0000ff
44 31 10 0000ff
44 32 10 0000ff
44 33 10 0000ff
44 34 10 0000ff
44 35 10 0000ff
44 36 10 0000ff
44 37 10 0000ff
44 38 10 0000ff
44 39 10 0000ff
44 40 10 0000ff
44 41 10 0000ff
44 42 10 0000ff
44 43 10 0000ff
44 44 10 0000ff
44 45 10 0000ff
44 46 10 0000ff
44 47 10 0000ff
45 0 10 0000ff
45 1 10 0000ff
45 2 10 0000ff
45 3 10 0000ff
45 4 10 0000ff
45 5 10 0000ff
45 6 10 0000ff
45 7 10 0000ff
45 8 10 0000ff
45 9 10 0000ff
45 10 10 0000ff
45 11 10 0000ff
45 12 10 0000ff
45 13 10 0000ff
45 14 10 0000ff
45 15 10 0000ff
45 16 10 0000ff
45 17 10 0000ff
45 18 10 0000ff
45 19 10 0000ff
45 20 10 0000ff
45 21 10 0000ff
45 22 10 0000ff
45 23 10 0000ff
45 24 10 0000ff
45 25 10 0000ff
45 26 10 0000ff
45 27 10 0000ff
45 28 10 0000ff
45 29 10 0000ff
45 30 10 0000ff
45 31 10 0000ff
45 32 10 0000ff
45 33 10 0000ff
45 34 10 0000ff
45 35 10 0000ff
45 36 10 0000ff
45 37 10 0000ff
45 38 10 0000ff
45 39 10 0000ff
45 40 10 0000ff
45 41 10 0000ff
45 42 10 0000ff
45 43 10 0000ff
45 44 10 0000ff
45 45 10 0000ff
45 46 10 0000ff
45 47 10 0000ff
46 0 10 0000ff
46 1 10 0000ff
46 2 10 0000ff
46 3 10 0000ff
46 4 10 0000ff
46 5 10 0000ff
46 6 10 0000ff
46 7 10 0000ff
46 8 10 0000ff
46 9 10 0000ff
46 10 10 0000ff
46 11 10 0000ff
46 12 10 0000ff
46 13 10 0000ff
46 14 10 0000ff
46 15 10 0000ff
46 16 10 0000ff
46 17 10 0000ff
46 18 10 0000ff
46 19 10 0000ff
46 20 10 0000ff
46 21 10 0000ff
46 22 10 0000ff
46 23 10 0000ff
46 24 10 0000ff
46 25 10 0000ff
46 26 10 0000ff
46 27 10 0000ff
46 28 10 0000ff
46 29 10 0000ff
46 30 10 0000ff
46 31 10 0000ff
46 32 10 0000ff
46 33 10 0000ff
46 34 10 0000ff
46 35 10 0000ff
46 36 10 0000ff
46 37 10 0000ff
46 38 10 0000ff
46 39 10 0000ff
46 40 10 0000ff
46 41 10 0000ff
46 42 10 0000ff
46 43 10 0000ff
46 44 10 0000ff
46 45 10 0000ff
46 46 10 0000ff
46 47 10 0000ff
47 0 10 0000ff
47 1 10 0000ff
47 2 10 0000ff
47 3 10 0000ff
47 4 10 0000ff
47 5 10 0000ff
47 6 10 0000ff
47 7 10 0000ff
47 8 10 0000ff
47 9 10 0000ff
47 10 10 0000ff
47 11 10 0000ff
47 12 10 0000ff
47 13 10 0000ff
47 14 10 0000ff
47 15 10 0000ff
47 16 10 0000ff
47 17 10 0000ff
47 18 10 0000ff
47 19 10 0000ff
47 20 10 0000ff
47 21 10 0000ff
47 22 10 0000ff
47 23 10 0000ff
47 24 10 0000ff
47 25 10 0000ff
47 26 10 0000ff
47 27 10 0000ff
47 28 10 0000ff
47 29 10 0000ff
47 30 10 0000ff
47 31 10 0000ff
47 32 10 0000ff
47 33 10 0000ff
47 34 10 0000ff
47 35 10 0000ff
47 36 10 0000ff
47 37 10 0000ff
47 38 10 0000ff
47 39 10 0000ff
47 40 10 0000ff
47 41 10 0000ff
47 42 10 0000ff
47 43 10 0000ff
47 44 10 0000ff
47 45 10 0000ff
47 46 10 0000ff
47 47 10 0000ff
48 0 10 0000ff
48 1 10 0000ff
48 2 10 0000ff
48 3 10 0000ff
48 4 10 0000ff
48 5 10 0000ff
48 6 10 0000ff
48 7 10 0000ff
48 8 10 0000ff
48 9 10 0000ff
48 10 10 0000ff
48 11 10 0000ff
48 12 10 0000ff
48 13 10 0000ff
48 14 10 0000ff
48 15 10 0000ff
48 16 10 0000ff
48 17 10 0000ff
48 18 10 0000ff
48 19 10 0000ff
48 20 10 0000ff
48 21 10 0000ff
48 22 10 0000ff
48 23 10 0000ff
48 24 10 0000ff
48 25 10 0000ff
48 26 10 0000ff
48 27 10 0000ff
48 28 10 0000ff
48 29 10 0000ff
48 30 10 0000ff
48 31 10 0000ff
48 32 10 0000ff
48 33 10 0000ff
48 34 10 0000ff
48 35 10 0000ff
48 36 10 0000ff
48 37 10 0000ff
48 38 10 0000ff
48 39 10 0000ff
48 40 10 0000ff
48 41 10 0000ff
48 42 10 0000ff
48 43 10 0000ff
48 44 10 0000ff
48 45 10 0000ff
48 46 10 0000ff
48 47 10 0000ff
49 0 10 0000ff
49 1 10 0000ff
49 2 10 0000ff
49 3 10 0000ff
49 4 10 0000ff
49 5 10 0000ff
49 6 10 0000ff
49 7 10 0000ff
49 8 10 0000ff
49 9 10 0000ff
49 10 10 0000ff
49 11 10 0000ff
49 12 10 0000ff
49 13 10 0000ff
49 14 10 0000ff
49 15 10 0000ff
49 16 10 0000ff
49 17 10 0000ff
49 18 10 0000ff
49 19 10 0000ff
49 20 10 0000ff
49 21 10 0000ff
49 22 10 0000ff
49 23 10 0000ff
49 24 10 0000ff
49 25 10 0000ff
49 26 10 0000ff
49 27 10 0000ff
49 28 10 0000ff
49 29 10 0000ff
49 30 10 0000ff
49 31 10 0000ff
49 32 10 0000ff
49 33 10 0000ff
49 34 10 0000ff
49 35 10 0000ff
49 36 10 0000ff
49 37 10 0000ff
49 38 10 0000ff
49 39 10 0000ff
49 40 10 0000ff
49 41 10 0000ff
49 42 10 0000ff
49 43 10 0000ff
49 44 10 0000ff
49 45 10 0000ff
49 46 10 0000ff
49 47 10 0000ff
50 0 10 0000ff
50 1 10 0000ff
50 2 10 0000ff
50 3 10 0000ff
50 4 10 0000ff
50 5 10 0000ff
50 6 10 0000ff
50 7 10 0000ff
50 8 10 0000ff
50 9 10 0000ff
50 10 10 0000ff
50 11 10 0000ff
50 12 10 0000ff
50 13 10 0000ff
50 14 10 0000ff
50 15 10 0000ff
50 16 10 0000ff
50 17 10 0000ff
50 18 10 0000ff
50 19 10 0000ff
50 20 10 0000ff
50 21 10 0000ff
50 22 10 0000ff
50 23 10 0000ff
50 24 10 0000ff
50 25 10 0000ff
50 26 10 0000ff
50 27 10 0000ff
50 28 10 0000ff
50 29 10 0000ff
50 30 10 0000ff
50 31 10 0000ff
50 32 10 0000ff
50 33 10 0000ff
50 34 10 0000ff
50 35 10 0000ff
50 36 10 0000ff
50 37 10 0000ff
50 38 10 0000ff
50 39 10 0000ff
50 40 10 0000ff
50 41 10 0000ff
50 42 10 0000ff
50 43 10 0000ff
50 44 10 0000ff
50 45 10 0000ff
50 46 10 0000ff
50 47 10 0000ff
51 0 10 0000ff
51 1 10 0000ff
51 2 10 0000ff
51 3 10 0000ff
51 4 10 0000ff
51 5 10 0000ff
51 6 10 0000ff
51 7 10 0000ff
51 8 10 0000ff
51 9 10 0000ff
51 10 10 0000ff
51 11 10 0000ff
51 12 10 0000ff
51 13 10 0000ff
51 14 10 0000ff
51 15 10 0000ff
51 16 10 0000ff
51 17 10 0000ff
51 18 10 0000ff
51 19 10 0000ff
51 20 10 0000ff
51 21 10 0000ff
51 22 10 0000ff
51 23 10 0000ff
51 24 10 0000ff
51 25 10 0000ff
51 26 10 0000ff
51 27 10 0000ff
51 28 10 0000ff
51 29 10 0000ff
51 30 10 0000ff
51 31 10 0000ff
51 32 10 0000ff
51 33 10 0000ff
51 34 10 0000ff
51 35 10 0000ff
51 36 10 0000ff
51 37 10 0000ff
51 38 10 0000ff
51 39 10 0000ff
51 40 10 0000ff
51 41 10 0000ff
51 42 10 0000ff
51 43 10 0000ff
51 44 10 0000ff
51 45 10 0000ff
51 46 10 0000ff
51 47 10 0000ff
52 0 10 0000ff
52 1 10 0000ff
52 2 10 0000ff
52 3 10 0000ff
52 4 10 0000ff
52 5 10 0000ff
52 6 10 0000ff
52 7 10 0000ff
52 8 10 0000ff
52 9 10 0000ff
52 10 10 0000ff
52 11 10 0000ff
52 12 10 0000ff
52 13 10 0000ff
52 14 10 0000ff
52 15 10 0000ff
52 16 10 0000ff
52 17 10 0000ff
52 18 10 0000ff
52 19 10 0000ff
52 20 10 0000ff
52 21 10 0000ff
52 22 10 0000ff
52 23 10 0000ff
52 24 10 0000ff
52 25 10 0000ff
52 26 10 0000ff
52 27 10 0000ff
52 28 10 0000ff
52 29 10 0000ff
52 30 10 0000ff
52 31 10 0000ff
52 32 10 0000ff
52 33 10 0000ff
52 34 10 0000ff
52 35 10 0000ff
52 36 10 0000ff
52 37 10 0000ff
52 38 10 0000ff
52 39 10 0000ff
52 40 10 0000ff
52 41 10 0000ff
52 42 10 0000ff
52 43 10 0000ff
52 44 10 0000ff
52 45 10 0000ff
52 46 10 0000ff
52 47 10 0000ff
53 0 10 0000ff
53 1 10 0000ff
53 2 10 0000ff
53 3 10 0000ff
53 4 10 0000ff
53 5 10 0000ff
53 6 10 0000ff
53 7 10 0000ff
53 8 10 0000ff
53 9 10 0000ff
53 10 10 0000ff
53 11 10 0000ff
53 12 10 0000ff
53 13 10 0000ff
53 14 10 0000ff
53 15 10 0000ff
53 16 10 0000ff
53 17 10 0000ff
53 18 10 0000ff
53 19 10 0000ff
53 20 10 0000ff
53 21 10 0000ff
53 22 10 0000ff
53 23 10 0000ff
53 24 10 0000ff
53 25 10 0000ff
53 26 10 0000ff
53 27 10 0000ff
53 28 10 0000ff
53 29 10 0000ff
53 30 10 0000ff
53 31 10 0000ff
53 32 10 0000ff
53 33 10 0000ff
53 34 10 0000ff
53 35 10 0000ff
53 36 10 0000ff
53 37 10 0000ff
53 38 10 0000ff
53 39 10 0000ff
53 40 10 0000ff
53 41 10 0000ff
53 42 10 0000ff
53 43 10 0000ff
53 44 10 0000ff
53 45 10 0000ff
53 46 10 0000ff
53 47 10 0000ff
54 0 10 0000ff
54 1 10 0000ff
54 2 10 0000ff
54 3 10 0000ff
54 4 10 0000ff
54 5 10 0000ff
54 6 10 0000ff
54 7 10 0000ff
54 8 10 0000ff
54 9 10 0000ff
54 10 10 0000ff
54 11 10 0000ff
54 12 10 0000ff
54 13 10 0000ff
54 14 10 0000ff
54 15 10 0000ff
54 16 10 0000ff
54 17 10 0000ff
54 18 10 0000ff
54 19 10 0000ff
54 20 10 0000ff
54 21 10 0000ff
54 22 10 0000ff
54 23 10 0000ff
54 24 10 0000ff
54 25 10 0000ff
54 26 10 0000ff
54 27 10 0000ff
54 28 10 0000ff
54 29 10 0000ff
54 30 10 0000ff
54 31 10 0000ff
54 32 10 0000ff
54 33 10 0000ff
54 34 10 0000ff
54 35 10 0000ff
54 36 10 0000ff
54 37 10 0000ff
54 38 10 0000ff
54 39 10 0000ff
54 40 10 0000ff
54 41 10 0000ff
54 42 10 0000ff
54 43 10 0000ff
54 44 10 0000ff
54 45 10 0000ff
54 46 10 0000ff
54 47 10 0000ff
55 0 10 0000ff
55 1 10 0000ff
55 2 10 0000ff
55 3 10 0000ff
55 4 10 0000ff
55 5 10 0000ff
55 6 10 0000ff
55 7 10 0000ff
55 8 10 0000ff
55 9 10 0000ff
55 10 10 0000ff
55 11 10 0000ff
55 12 10 0000ff
55 13 10 0000ff
55 14 10 0000ff
55 15 10 0000ff
55 16 10 0000ff
55 17 10 0000ff
55 18 10 0000ff
55 19 10 0000ff
55 20 10 0000ff
55 21 10 0000ff
55 22 10 0000ff
55 23 10 0000ff
55 24 10 0000ff
55 25 10 0000ff
55 26 10 0000ff
55 27 10 0000ff
55 28 10 0000ff
55 29 10 0000ff
55 30 10 0000ff
55 31 10 0000ff
55 32 10 0000ff
55 33 10 0000ff
55 34 10 0000ff
55 35 10 0000ff
55 36 10 0000ff
55 37 10 0000ff
55 38 10 0000ff
55 39 10 0000ff
55 40 10 0000ff
55 41 10 0000ff
55 42 10 0000ff
55 43 10 0000ff
55 44 10 0000ff
55 45 10 0000ff
55 46 10 0000ff
55 47 10 0000ff
56 0 10 0000ff
56 1 10 0000ff
56 2 10 0000ff
56 3 10 0000ff
56 4 10 0000ff
56 5 10 0000ff
56 6 10 0000ff
56 7 10 0000ff
56 8 10 0000ff
56 9 10 0000ff
56 10 10 0000ff
56 11 10 0000ff
56 12 10 0000ff
56 13 10 0000ff
56 14 10 0000ff
56 15 10 0000ff
56 16 10 0000ff
56 17 10 0000ff
56 18 10 0000ff
56 19 10 0000ff
56 20 10 0000ff
56 21 10 0000ff
56 22 10 0000ff
56 23 10 0000ff
56 24 10 0000ff
56 25 10 0000ff
56 26 10 0000ff
56 27 10 0000ff
56 28 10 0000ff
56 29 10 0000ff
56 30 10 0000ff
56 31 10 0000ff
56 32 10 0000ff
56 33 10 0000ff
56 34 10 0000ff
56 35 10 0000ff
56 36 10 0000ff
56 37 10 0000ff
56 38 10 0000ff
56 39 10 0000ff
56 40 10 0000ff
56 41 10 0000ff
56 42 10 0000ff
56 43 10 0000ff
56 44 10 0000ff
56 45 10 0000ff
56 46 10 0000ff
56 47 10 0000ff
57 0 10 0000ff
57 1 10 0000ff
57 2 10 0000ff
57 3 10 0000ff
57 4 10 0000ff
57 5 10 0000ff
57 6 10 0000ff
57 7 10 0000ff
57 8 10 0000ff
57 9 10 0000ff
57 10 10 0000ff
57 11 10 0000ff
57 12 10 0000ff
57 13 10 0000ff
57 14 10 0000ff
57 15 10 0000ff
57 16 10 0000ff
57 17 10 0000ff
57 18 10 0000ff
57 19 10 0000ff
57 20 10 0000ff
57 21 10 0000ff
57 22 10 0000ff
57 23 10 0000ff
57 24 10 0000ff
57 25 10 0000ff
57 26 10 0000ff
57 27 10 0000ff
57 28 10 0000ff
57 29 10 0000ff
57 30 10 0000ff
57 31 10 0000ff
57 32 10 0000ff
57 33 10 0000ff
57 34 10 0000ff
57 35 10 0000ff
57 36 10 0000ff
57 37 10 0000ff
57 38 10 0000ff
57 39 10 0000ff
57 40 10 0000ff
57 41 10 0000ff
57 42 10 0000ff
57 43 10 0000ff
57 44 10 0000ff
57 45 10 0000ff
57 46 10 0000ff
57 47 10 0000ff
58 0 10 0000ff
58 1 10 0000ff
58 2 10 0000ff
58 3 10 0000ff
58 4 10 0000ff
58 5 10 0000ff
58 6 10 0000ff
58 7 10 0000ff
58 8 10 0000ff
58 9 10 0000ff
58 10 10 0000ff
58 11 10 0000ff
58 12 10 0000ff
58 13 10 0000ff
58 14 10 0000ff
58 15 10 0000ff
58 16 10 0000ff
58 17 10 0000ff
58 18 10 0000ff
58 19 10 0000ff
58 20 10 0000ff
58 21 10 0000ff
58 22 10 0000ff
58 23 10 0000ff
58 24 10 0000ff
58 25 10 0000ff
58 26 10 0000ff
58 27 10 0000ff
58 28 10 0000ff
58 29 10 0000ff
58 30 10 0000ff
58 31 10 0000ff
58 32 10 0000ff
58 33 10 0000ff
58 34 10 0000ff
58 35 10 0000ff
58 36 10 0000ff
58 37 10 0000ff
58 38 10 0000ff
58 39 10 0000ff
58 40 10 0000ff
58 41 10 0000ff
58 42 10 0000ff
58 43 10 0000ff
58 44 10 0000ff
58 45 10 0000ff
58 46 10 0000ff
58 47 10 0000ff
59 0 10 0000ff
59 1 10 0000ff
59 2 10 0000ff
59 3 10 0000ff
59 4 10 0000ff
59 5 10 0000ff
59 6 10 0000ff
59 7 10 0000ff
59 8 10 0000ff
59 9 10 0000ff
59 10 10 0000ff
59 11 10 0000ff
59 12 10 0000ff
59 13 10 0000ff
59 14 10 0000ff
59 15 10 0000ff
59 16 10 0000ff
59 17 10 0000ff
59 18 10 0000ff
59 19 10 0000ff
59 20 10 0000ff
59 21 10 0000ff
59 22 10 0000ff
59 23 10 0000ff
59 24 10 0000ff
59 25 10 0000ff
59 26 10 0000ff
59 27 10 0000ff
59 28 10 0000ff
59 29 10 0000ff
59 30 10 0000ff
59 31 10 0000ff
59 32 10 0000ff
59 33 10 0000ff
59 34 10 0000ff
59 35 10 0000ff
59 36 10 0000ff
59 37 10 0000ff
59 38 10 0000ff
59 39 10 0000ff
59 40 10 0000ff
59 41 10 0000ff
59 42 10 0000ff
59 43 10 0000ff
59 44 10 0000ff
59 45 10 0000ff
59 46 10 0000ff
59 47 10 0000ff
60 0 10 0000ff
60 1 10 0000ff
60 2 10 0000ff
60 3 10 0000ff
60 4 10 0000ff
60 5 10 0000ff
60 6 10 0000ff
60 7 10 0000ff
60 8 10 0000ff
60 9 10 0000ff
60 10 10 0000ff
60 11 10 0000ff
60 12 10 0000ff
60 13 10 0000ff
60 14 10 0000ff
60 15 10 0000ff
60 16 10 0000ff
60 17 10 0000ff
60 18 10 0000ff
60 19 10 0000ff
60 20 10 0000ff
60 21 10 0000ff
60 22 10 0000ff
60 23 10 0000ff
60 24 10 0000ff
60 25 10 0000ff
60 26 10 0000ff
60 27 10 0000ff
60 28 10 0000ff
60 29 10 0000ff
60 30 10 0000ff
60 31 10 0000ff
60 32 10 0000ff
60 33 10 0000ff
60 34 10 0000ff
60 35 10 0000ff
60 36 10 0000ff
60 37 10 0000ff
60 38 10 0000ff
60 39 10 0000ff
60 40 10 0000ff
60 41 10 0000ff
60 42 10 0000ff
60 43 10 0000ff
60 44 10 0000ff
60 45 10 0000ff
60 46 10 0000ff
60 47 10 0000ff
61 0 10 0000ff
61 1 10 0000ff
61 2 10 0000ff
61 3 10 0000ff
61 4 10 0000ff
61 5 10 0000ff
61 6 10 0000ff
61 7 10 0000ff
61 8 10 0000ff
61 9 10 0000ff
61 10 10 0000ff
61 11 10 0000ff
61 12 10 0000ff
61 13 10 0000ff
61 14 10 0000ff
61 15 10 0000ff
61 16 10 0000ff
61 17 10 0000ff
61 18 10 0000ff
61 19 10 0000ff
61 20 10 0000ff
61 21 10 0000ff
61 22 10 0000ff
61 23 10 0000ff
61 24 10 0000ff
61 25 10 0000ff
61 26 10 0000ff
61 27 10 0000ff
61 28 10 0000ff
61 29 10 0000ff
61 30 10 0000ff
61 31 10 0000ff
61 32 10 0000ff
61 33 10 0000ff
61 34 10 0000ff
61 35 10 0000ff
61 36 10 0000ff
61 37 10 0000ff
61 38 10 0000ff
61 39 10 0000ff
61 40 10 0000ff
61 41 10 0000ff
61 42 10 0000ff
61 43 10 0000ff
61 44 10 0000ff
61 45 10 0000ff
61 46 10 0000ff
61 47 10 0000ff
62 0 10 0000ff
62 1 10 0000ff
62 2 10 0000ff
62 3 10 0000ff
62 4 10 0000ff
62 5 10 0000ff
62 6 10 0000ff
62 7 10 0000ff
62 8 10 0000ff
62 9 10 0000ff
62 10 10 0000ff
62 11 10 0000ff
62 12 10 0000ff
62 13 10 0000ff
62 14 10 0000ff
62 15 10 0000ff
62 16 10 0000ff
62 17 10 0000ff
62 18 10 0000ff
62 19 10 0000ff
62 20 10 0000ff
62 21 10 0000ff
62 22 10 0000ff
62 23 10 0000ff
62 24 10 0000ff
62 25 10 0000ff
62 26 10 0000ff
62 27 10 0000ff
62 28 10 0000ff
62 29 10 0000ff
62 30 10 0000ff
62 31 10 0000ff
62 32 10 0000ff
62 33 10 0000ff
62 34 10 0000ff
62 35 10 0000ff
62 36 10 0000ff
62 37 10 0000ff
62 38 10 0000ff
62 39 10 0000ff
62 40 10 0000ff
62 41 10 0000ff
62 42 10 0000ff
62 43 10 0000ff
62 44 10 0000ff
62 45 10 0000ff
62 46 10 0000ff
62 47 10 0000ff
63 0 10 0000ff
63 1 10 0000ff
63 2 10 0000ff
63 3 10 0000ff
63 4 10 0000ff
63 5 10 0000ff
63 6 10 0000ff
63 7 10 0000ff
63 8 10 0000ff
63 9 10 0000ff
63 10 10 0000ff
63 11 10 0000ff
63 12 10 0000ff
63 13 10 0000ff
63 14 10 0000ff
63 15 10 0000ff
63 16 10 0000ff
63 17 10 0000ff
63 18 10 0000ff
63 19 10 0000ff
63 20 10 0000ff
63 21 10 0000ff
63 22 10 0000ff
63 23 10 0000ff
63 24 10 0000ff
63 25 10 0000ff
63 26 10 0000ff
63 27 10 0000ff
63 28 10 0000ff
63 29 10 0000ff
63 30 10 0000ff
63 31 10 0000ff
63 32 10 0000ff
63 33 10 0000ff
63 34 10 0000ff
63 35 10 0000ff
63 36 10 0000ff
63 37 10 0000ff
63 38 10 0000ff
63 39 10 0000ff
63 40 10 0000ff
63 41 10 0000ff
63 42 10 0000ff
63 43 10 0000ff
63 44 10 0000ff
63 45 10 0000ff
63 46 10 0000ff
63 47 10 0000ff
64 0 10 0000ff
64 1 10 0000ff
64 2 10 0000ff
64 3 10 0000ff
64 4 10 0000ff
64 5 10 0000ff
64 6 10 0000ff
64 7 10 0000ff
64 8 10 0000ff
64 9 10 0000ff
64 10 10 0000ff
64 11 10 0000ff
64 12 10 0000ff
64 13 10 0000ff
64 14 10 0000ff
64 15 10 0000ff
64 16 10 0000ff
64 17 10 0000ff
64 18 10 0000ff
64 19 10 0000ff
64 20 10 0000ff
64 21 10 0000ff
64 22 10 0000ff
64 23 10 0000ff
64 24 10 0000ff
64 25 10 0000ff
64 26 10 0000ff
64 27 10 0000ff
64 28 10 0000ff
64 29 10 0000ff
64 30 10 0000ff
64 31 10 0000ff
64 32 10 0000ff
64 33 10 0000ff
64 34 10 0000ff
64 35 10 0000ff
64 36 10 0000ff
64 37 10 0000ff
64 38 10 0000ff
64 39 10 0000ff
64 40 10 0000ff
64 41 10 0000ff
64 42 10 0000ff
64 43 10 0000ff
64 44 10 0000ff
64 45 10 0000ff
64 46 10 0000ff
64 47 10 0000ff
65 0 10 0000ff
65 1 10 0000ff
65 2 10 0000ff
65 3 10 0000ff
65 4 10 0000ff
65 5 10 0000ff
65 6 10 0000ff
65 7 10 0000ff
65 8 10 0000ff
65 9 10 0000ff
65 10 10 0000ff
65 11 10 0000ff
65 12 10 0000ff
65 13 10 0000ff
65 14 10 0000ff
65 15 10 0000ff
65 16 10 0000ff
65 17 10 0000ff
65 18 10 0000ff
65 19 10 0000ff
65 20 10 0000ff
65 21 10 0000ff
65 22 10 0000ff
65 23 10 0000ff
65 24 10 0000ff
65 25 10 0000ff
65 26 10 0000ff
65 27 10 0000ff
65 28 10 0000ff
65 29 10 0000ff
65 30 10 0000ff
65 31 10 0000ff
65 32 10 0000ff
65 33 10 0000ff
65 34 10 0000ff
65 35 10 0000ff
65 36 10 0000ff
65 37 10 0000ff
65 38 10 0000ff
65 39 10 0000ff
65 40 10 0000ff
65 41 10 0000ff
65 42 10 0000ff
65 43 10 0000ff
65 44 10 0000ff
65 45 10 0000ff
65 46 10 0000ff
65 47 10 0000ff
66 0 10 0000ff
66 1 10 0000ff
66 2 10 0000ff
66 3 10 0000ff
66 4 10 0000ff
66 5 10 0000ff
66 6 10 0000ff
66 7 10 0000ff
66 8 10 0000ff
66 9 10 0000ff
66 10 10 0000ff
66 11 10 0000ff
66 12 10 0000ff
66 13 10 0000ff
66 14 10 0000ff
66 15 10 0000ff
66 16 10 0000ff
66 17 10 0000ff
66 18 10 0000ff
66 19 10 0000ff
66 20 10 0000ff
66 21 10 0000ff
66 22 10 0000ff
66 23 10 0000ff
66 24 10 0000ff
66 25 10 0000ff
66 26 10 0000ff
66 27 10 0000ff
66 28 10 0000ff
66 29 10 0000ff
66 30 10 0000ff
66 31 10 0000ff
66 32 10 0000ff
66 33 10 0000ff
66 34 10 0000ff
66 35 10 0000ff
66 36 10 0000ff
66 37 10 0000ff
66 38 10 0000ff
66 39 10 0000ff
66 40 10 0000ff
66 41 10 0000ff
66 42 10 0000ff
66 43 10 0000ff
66 44 10 0000ff
66 45 10 0000ff
66 46 10 0000ff
66 47 10 0000ff
67 0 10 0000ff
67 1 10 0000ff
67 2 10 0000ff
67 3 10 0000ff
67 4 10 0000ff
67 5 10 0000ff
67 6 10 0000ff
67 7 10 0000ff
67 8 10 0000ff
67 9 10 0000ff
67 10 10 0000ff
67 11 10 0000ff
67 12 10 0000ff
67 13 10 0000ff
67 14 10 0000ff
67 15 10 0000ff
67 16 10 0000ff
67 17 10 0000ff
67 18 10 0000ff
67 19 10 0000ff
67 20 10 0000ff
67 21 10 0000ff
67 22 10 0000ff
67 23 10 0000ff
67 24 10 0000ff
67 25 10 0000ff
67 26 10 0000ff
67 27 10 0000ff
67 28 10 0000ff
67 29 10 0000ff
67 30 10 0000ff
67 31 10 0000ff
67 32 10 0000ff
67 33 10 0000ff
67 34 10 0000ff
67 35 10 0000ff
67 36 10 0000ff
67 37 10 0000ff
67 38 10 0000ff
67 39 10 0000ff
67 40 10 0000ff
67 41 10 0000ff
67 42 10 0000ff
67 43 10 0000ff
67 44 10 0000ff
67 45 10 0000ff
67 46 10 0000ff
67 47 10 0000ff
68 0 10 0000ff
68 1 10 0000ff
68 2 10 0000ff
68 3 10 0000ff
68 4 10 0000ff
68 5 10 0000ff
68 6 10 0000ff
68 7 10 0000ff
68 8 10 0000ff
68 9 10 0000ff
68 10 10 0000ff
68 11 10 0000ff
68 12 10 0000ff
68 13 10 0000ff
68 14 10 0000ff
68 15 10 0000ff
68 16 10 0000ff
68 17 10 0000ff
68 18 10 0000ff
68 19 10 0000ff
68 20 10 0000ff
68 21 10 0000ff
68 22 10 0000ff
68 23 10 0000ff
68 24 10 0000ff
68 25 10 0000ff
68 26 10 0000ff
68 27 10 0000ff
68 28 10 0000ff
68 29 10 0000ff
68 30 10 0000ff
68 31 10 0000ff
68 32 10 0000ff
68 33 10 0000ff
68 34 10 0000ff
68 35 10 0000ff
68 36 10 0000ff
68 37 10 0000ff
68 38 10 0000ff
68 39 10 0000ff
68 40 10 0000ff
68 41 10 0000ff
68 42 10 0000ff
68 43 10 0000ff
68 44 10 0000ff
68 45 10 0000ff
68 46 10 0000ff
68 47 10 0000ff
69 0 10 0000ff
69 1 10 0000ff
69 2 10 0000ff
69 3 10 0000ff
69 4 10 0000ff
69 5 10 0000ff
69 6 10 0000ff
69 7 10 0000ff
69 8 10 0000ff
69 9 10 0000ff
69 10 10 0000ff
69 11 10 0000ff
69 12 10 0000ff
69 13 10 0000ff
69 14 10 0000ff
69 15 10 0000ff
69 16 10 0000ff
69 17 10 0000ff
69 18 10 0000ff
69 19 10 0000ff
69 20 10 0000ff
69 21 10 0000ff
69 22 10 0000ff
69 23 10 0000ff
69 24 10 0000ff
69 25 10 0000ff
69 26 10 0000ff
69 27 10 0000ff
69 28 10 0000ff
69 29 10 0000ff
69 30 10 0000ff
69 31 10 0000ff
69 32 10 0000ff
69 33 10 0000ff
69 34 10 0000ff
69 35 10 0000ff
69 36 10 0000ff
69 37 10 0000ff
69 38 10 0000ff
69 39 10 0000ff
69 40 10 0000ff
69 41 10 0000ff
69 42 10 0000ff
69 43 10 0000ff
69 44 10 0000ff
69 45 10 0000ff
69 46 10 0000ff
69 47 10 0000ff
70 0 10 0000ff
70 1 10 0000ff
70 2 10 0000ff
70 3 10 0000ff
70 4 10 0000ff
70 5 10 0000ff
70 6 10 0000ff
70 7 10 0000ff
70 8 10 0000ff
70 9 10 0000ff
70 10 10 0000ff
70 11 10 0000ff
70 12 10 0000ff
70 13 10 0000ff
70 14 10 0000ff
70 15 10 0000ff
70 16 10 0000ff
70 17 10 0000ff
70 18 10 0000ff
70 19 10 0000ff
70 20 10 0000ff
70 21 10 0000ff
70 22 10 0000ff
70 23 10 0000ff
70 24 10 0000ff
70 25 10 0000ff
70 26 10 0000ff
70 27 10 0000ff
70 28 10 0000ff
70 29 10 0000ff
70 30 10 0000ff
70 31 10 0000ff
70 32 10 0000ff
70 33 10 0000ff
70 34 10 0000ff
70 35 10 0000ff
70 36 10 0000ff
70 37 10 0000ff
70 38 10 0000ff
70 39 10 0000ff
70 40 10 0000ff
70 41 10 0000ff
70 42 10 0000ff
70 43 10 0000ff
70 44 10 0000ff
70 45 10 0000ff
70 46 10 0000ff
70 47 10 0000ff
71 0 10 0000ff
71 1 10 0000ff
71 2 10 0000ff
71 3 10 0000ff
71 4 10 0000ff
71 5 10 0000ff
71 6 10 0000ff
71 7 10 0000ff
71 8 10 0000ff
71 9 10 0000ff
71 10 10 0000ff
71 11 10 0000ff
71 12 10 0000ff
71 13 10 0000ff
71 14 10 0000ff
71 15 10 0000ff
71 16 10 0000ff
71 17 10 0000ff
71 18 10 0000ff
71 19 10 0000ff
71 20 10 0000ff
71 21 10 0000ff
71 22 10 0000ff
71 23 10 0000ff
71 24 10 0000ff
71 25 10 0000ff
71 26 10 0000ff
71 27 10 0000ff
71 28 10 0000ff
71 29 10 0000ff
71 30 10 0000ff
71 31 10 0000ff
71 32 10 0000ff
71 33 10 0000ff
71 34 10 0000ff
71 35 10 0000ff
71 36 10 0000ff
71 37 10 0000ff
71 38 10 0000ff
71 39 10 0000ff
71 40 10 0000ff
71 41 10 0000ff
71 42 10 0000ff
71 43 10 0000ff
71 44 10 0000ff
71 45 10 0000ff
71 46 10 0000ff
71 47 10 0000ff
72 0 10 0000ff
72 1 10 0000ff
72 2 10 0000ff
72 3 10 0000ff
72 4 10 0000ff
72 5 10 0000ff
72 6 10 0000ff
72 7 10 0000ff
72 8 10 0000ff
72 9 10 0000ff
72 10 10 0000ff
72 11 10 0000ff
72 12 10 0000ff
72 13 10 0000ff
72 14 10 0000ff
72 15 10 0000ff
72 16 10 0000ff
72 17 10 0000ff
72 18 10 0000ff
72 19 10 0000ff
72 20 10 0000ff
72 21 10 0000ff
72 22 10 0000ff
72 23 10 0000ff
72 24 10 0000ff
72 25 10 0000ff
72 26 10 0000ff
72 27 10 0000ff
72 28 10 0000ff
72 29 10 0000ff
72 30 10 0000ff
72 31 10 0000ff
72 32 10 0000ff
72 33 10 0000ff
72 34 10 0000ff
72 35 10 0000ff
72 36 10 0000ff
72 37 10 0000ff
72 38 10 0000ff
72 39 10 0000ff
72 40 10 0000ff
72 41 10 0000ff
72 42 10 0000ff
72 43 10 0000ff
72 44 10 0000ff
72 45 10 0000ff
72 46 10 0000ff
72 47 10 0000ff
73 0 10 0000ff
73 1 10 0000ff
73 2 10 0000ff
73 3 10 0000ff
73 4 10 0000ff
73 5 10 0000ff
73 6 10 0000ff
73 7 10 0000ff
73 8 10 0000ff
73 9 10 0000ff
73 10 10 0000ff
73 11 10 0000ff
73 12 10 0000ff
73 13 10 0000ff
73 14 10 0000ff
73 15 10 0000ff
73 16 10 0000ff
73 17 10 0000ff
73 18 10 0000ff
73 19 10 0000ff
73 20 10 0000ff
73 21 10 0000ff
73 22 10 0000ff
73 23 10 0000ff
73 24 10 0000ff
73 25 10 0000ff
73 26 10 0000ff
73 27 10 0000ff
73 28 10 0000ff
73 29 10 0000ff
73 30 10 0000ff
73 31 10 0000ff
73 32 10 0000ff
73 33 10 0000ff
73 34 10 0000ff
73 35 10 0000ff
73 36 10 0000ff
73 37 10 0000ff
73 38 10 0000ff
73 39 10 0000ff
73 40 10 0000ff
73 41 10 0000ff
73 42 10 0000ff
73 43 10 0000ff
73 44 10 0000ff
73 45 10 0000ff
73 46 10 0000ff
73 47 10 0000ff
74 0 10 0000ff
74 1 10 0000ff
74 2 10 0000ff
74 3 10 0000ff
74 4 10 0000ff
74 5 10 0000ff
74 6 10 0000ff
74 7 10 0000ff
74 8 10 0000ff
74 9 10 0000ff
74 10 10 0000ff
74 11 10 0000ff
74 12 10 0000ff
74 13 10 0000ff
74 14 10 0000ff
74 15 10 0000ff
74 16 10 0000ff
74 17 10 0000ff
74 18 10 0000ff
74 19 10 0000ff
74 20 10 0000ff
74 21 10 0000ff
74 22 10 0000ff
74 23 10 0000ff
74 24 10 0000ff
74 25 10 0000ff
74 26 10 0000ff
74 27 10 0000ff
74 28 10 0000ff
74 29 10 0000ff
74 30 10 0000ff
74 31 10 0000ff
74 32 10 0000ff
74 33 10 0000ff
74 34 10 0000ff
74 35 10 0000ff
74 36 10 0000ff
74 37 10 0000ff
74 38 10 0000ff
74 39 10 0000ff
74 40 10 0000ff
74 41 10 0000ff
74 42 10 0000ff
74 43 10 0000ff
74 44 10 0000ff
74 45 10 0000ff
74 46 10 0000ff
74 47 10 0000ff
75 0 10 0000ff
75 1 10 0000ff
75 2 10 0000ff
75 3 10 0000ff
75 4 10 0000ff
75 5 10 0000ff
75 6 10 0000ff
75 7 10 0000ff
75 8 10 0000ff
75 9 10 0000ff
75 10 10 0000ff
75 11 10 0000ff
75 12 10 0000ff
75 13 10 0000ff
75 14 10 0000ff
75 15 10 0000ff
75 16 10 0000ff
75 17 10 0000ff
75 18 10 0000ff
75 19 10 0000ff
75 20 10 0000ff
75 21 10 0000ff
75 22 10 0000ff
75 23 10 0000ff
75 24 10 0000ff
75 25 10 0000ff
75 26 10 0000ff
75 27 10 0000ff
75 28 10 0000ff
75 29 10 0000ff
75 30 10 0000ff
75 31 10 0000ff
75 32 10 0000ff
75 33 10 0000ff
75 34 10 0000ff
75 35 10 0000ff
75 36 10 0000ff
75 37 10 0000ff
75 38 10 0000ff
75 39 10 0000ff
75 40 10 0000ff
75 41 10 0000ff
75 42 10 0000ff
75 43 10 0000ff
75 44 10 0000ff
75 45 10 0000ff
75 46 10 0000ff
75 47 10 0000ff
76 0 10 0000ff
76 1 10 0000ff
76 2 10 0000ff
76 3 10 0000ff
76 4 10 0000ff
76 5 10 0000ff
76 6 10 0000ff
76 7 10 0000ff
76 8 10 0000ff
76 9 10 0000ff
76 10 10 0000ff
76 11 10 0000ff
76 12 10 0000ff
76 13 10 0000ff
76 14 10 0000ff
76 15 10 0000ff
76 16 10 0000ff
76 17 10 0000ff
76 18 10 0000ff
76 19 10 0000ff
76 20 10 0000ff
76 21 10 0000ff
76 22 10 0000ff
76 23 10 0000ff
76 24 10 0000ff
76 25 10 0000ff
76 26 10 0000ff
76 27 10 0000ff
76 28 10 0000ff
76 29 10 0000ff
76 30 10 0000ff
76 31 10 0000ff
76 32 10 0000ff
76 33 10 0000ff
76 34 10 0000ff
76 35 10 0000ff
76 36 10 0000ff
76 37 10 0000ff
76 38 10 0000ff
76 39 10 0000ff
76 40 10 0000ff
76 41 10 0000ff
76 42 10 0000ff
76 43 10 0000ff
76 44 10 0000ff
76 45 10 0000ff
76 46 10 0000ff
76 47 10 0000ff
77 0 10 0000ff
77 1 10 0000ff
77 2 10 0000ff
77 3 10 0000ff
77 4 10 0000ff
77 5 10 0000ff
77 6 10 0000ff
77 7 10 0000ff
77 8 10 0000ff
77 9 10 0000ff
77 10 10 0000ff
77 11 10 0000ff
77 12 10 0000ff
77 13 10 0000ff
77 14 10 0000ff
77 15 10 0000ff
77 16 10 0000ff
77 17 10 0000ff
77 18 10 0000ff
77 19 10 0000ff
77 20 10 0000ff
77 21 10 0000ff
77 22 10 0000ff
77 23 10 0000ff
77 24 10 0000ff
77 25 10 0000ff
77 26 10 0000ff
77 27 10 0000ff
77 28 10 0000ff
77 29 10 0000ff
77 30 10 0000ff
77 31 10 0000ff
77 32 10 0000ff
77 33 10 0000ff
77 34 10 0000ff
77 35 10 0000ff
77 36 10 0000ff
77 37 10 0000ff
77 38 10 0000ff
77 39 10 0000ff
77 40 10 0000ff
77 41 10 0000ff
77 42 10 0000ff
77 43 10 0000ff
77 44 10 0000ff
77 45 10 0000ff
77 46 10 0000ff
77 47 10 0000ff
78 0 10 0000ff
78 1 10 0000ff
78 2 10 0000ff
78 3 10 0000ff
78 4 10 0000ff
78 5 10 0000ff
78 6 10 0000ff
78 7 10 0000ff
78 8 10 0000ff
78 9 10 0000ff
78 10 10 0000ff
78 11 10 0000ff
78 12 10 0000ff
78 13 10 0000ff
78 14 10 0000ff
78 15 10 0000ff
78 16 10 0000ff
78 17 10 0000ff
78 18 10 0000ff
78 19 10 0000ff
78 20 10 0000ff
78 21 10 0000ff
78 22 10 0000ff
78 23 10 0000ff
78 24 10 0000ff
78 25 10 0000ff
78 26 10 0000ff
78 27 10 0000ff
78 28 10 0000ff
78 29 10 0000ff
78 30 10 0000ff
78 31 10 0000ff
78 32 10 0000ff
78 33 10 0000ff
78 34 10 0000ff
78 35 10 0000ff
78 36 10 0000ff
78 37 10 0000ff
78 38 10 0000ff
78 39 10 0000ff
78 40 10 0000ff
78 41 10 0000ff
78 42 10 0000ff
78 43 10 0000ff
78 44 10 0000ff
78 45 10 0000ff
78 46 10 0000ff
78 47 10 0000ff
79 0 10 0000ff
79 1 10 0000ff
79 2 10 0000ff
79 3 10 0000ff
79 4 10 0000ff
79 5 10 0000ff
79 6 10 0000ff
79 7 10 0000ff
79 8 10 0000ff
79 9 10 0000ff
79 10 10 0000ff
79 11 10 0000ff
79 12 10 0000ff
79 13 10 0000ff
79 14 10 0000ff
79 15 10 0000ff
79 16 10 0000ff
79 17 10 0000ff
79 18 10 0000ff
79 19 10 0000ff
79 20 10 0000ff
79 21 10 0000ff
79 22 10 0000ff
79 23 10 0000ff
79 24 10 0000ff
79 25 10 0000ff
79 26 10 0000ff
79 27 10 0000ff
79 28 10 0000ff
79 29 10 0000ff
79 30 10 0000ff
79 31 10 0000ff
79 32 10 0000ff
79 33 10 0000ff
79 34 10 0000ff
79 35 10 0000ff
79 36 10 0000ff
79 37 10 0000ff
79 38 10 0000ff
79 39 10 0000ff
79 40 10 0000ff
79 41 10 0000ff
79 42 10 0000ff
79 43 10 0000ff
79 44 10 0000ff
79 45 10 0000ff
79 46 10 0000ff
79 47 10 0000ff
