# Goxel 0.15.1
# One line per voxel
# X Y Z RRGGBB
0 0 11 00bbff
0 1 11 00bbff
0 2 11 00bbff
0 3 11 00bbff
0 4 11 00bbff
0 5 11 00bbff
0 6 11 00bbff
0 7 11 00bbff
0 8 11 00bbff
0 9 11 00bbff
0 10 11 00bbff
0 11 11 00bbff
0 12 11 00bbff
0 13 11 00bbff
0 14 11 00bbff
0 15 11 00bbff
0 16 11 00bbff
0 17 11 00bbff
0 18 11 00bbff
0 19 11 00bbff
0 20 11 00bbff
0 21 11 00bbff
0 22 11 00bbff
0 23 11 00bbff
0 24 11 00bbff
0 25 11 00bbff
0 26 11 00bbff
0 27 11 00bbff
0 28 11 00bbff
0 29 11 00bbff
0 30 11 00bbff
0 31 11 00bbff
0 32 11 00bbff
0 33 11 00bbff
0 34 11 00bbff
0 35 11 00bbff
0 36 11 00bbff
0 37 11 00bbff
0 38 11 00bbff
0 39 11 00bbff
0 40 11 00bbff
0 41 11 00bbff
0 42 11 00bbff
0 43 11 00bbff
0 44 11 00bbff
0 45 11 00bbff
0 46 11 00bbff
0 47 11 00bbff
1 0 11 00bbff
1 1 11 00bbff
1 2 11 00bbff
1 3 11 00bbff
1 4 11 00bbff
1 5 11 00bbff
1 6 11 00bbff
1 7 11 00bbff
1 8 11 00bbff
1 9 11 00bbff
1 10 11 00bbff
1 11 11 00bbff
1 12 11 00bbff
1 13 11 00bbff
1 14 11 00bbff
1 15 11 00bbff
1 16 11 00bbff
1 17 11 00bbff
1 18 11 00bbff
1 19 11 00bbff
1 20 11 00bbff
1 21 11 00bbff
1 22 11 00bbff
1 23 11 00bbff
1 24 11 00bbff
1 25 11 00bbff
1 26 11 00bbff
1 27 11 00bbff
1 28 11 00bbff
1 29 11 00bbff
1 30 11 00bbff
1 31 11 00bbff
1 32 11 00bbff
1 33 11 00bbff
1 34 11 00bbff
1 35 11 00bbff
1 36 11 00bbff
1 37 11 00bbff
1 38 11 00bbff
1 39 11 00bbff
1 40 11 00bbff
1 41 11 00bbff
1 42 11 00bbff
1 43 11 00bbff
1 44 11 00bbff
1 45 11 00bbff
1 46 11 00bbff
1 47 11 00bbff
2 0 11 00bbff
2 1 11 00bbff
2 2 11 00bbff
2 3 11 00bbff
2 4 11 00bbff
2 5 11 00bbff
2 6 11 00bbff
2 7 11 00bbff
2 8 11 00bbff
2 9 11 00bbff
2 10 11 00bbff
2 11 11 00bbff
2 12 11 00bbff
2 13 11 00bbff
2 14 11 00bbff
2 15 11 00bbff
2 16 11 00bbff
2 17 11 00bbff
2 18 11 00bbff
2 19 11 00bbff
2 20 11 00bbff
2 21 11 00bbff
2 22 11 00bbff
2 23 11 00bbff
2 24 11 00bbff
2 25 11 00bbff
2 26 11 00bbff
2 27 11 00bbff
2 28 11 00bbff
2 29 11 00bbff
2 30 11 00bbff
2 31 11 00bbff
2 32 11 00bbff
2 33 11 00bbff
2 34 11 00bbff
2 35 11 00bbff
2 36 11 00bbff
2 37 11 00bbff
2 38 11 00bbff
2 39 11 00bbff
2 40 11 00bbff
2 41 11 00bbff
2 42 11 00bbff
2 43 11 00bbff
2 44 11 00bbff
2 45 11 00bbff
2 46 11 00bbff
2 47 11 00bbff
3 0 11 00bbff
3 1 11 00bbff
3 2 11 00bbff
3 3 11 00bbff
3 4 11 00bbff
3 5 11 00bbff
3 6 11 00bbff
3 7 11 00bbff
3 8 11 00bbff
3 9 11 00bbff
3 10 11 00bbff
3 11 11 00bbff
3 12 11 00bbff
3 13 11 00bbff
3 14 11 00bbff
3 15 11 00bbff
3 16 11 00bbff
3 17 11 00bbff
3 18 11 00bbff
3 19 11 00bbff
3 20 11 00bbff
3 21 11 00bbff
3 22 11 00bbff
3 23 11 00bbff
3 24 11 00bbff
3 25 11 00bbff
3 26 11 00bbff
3 27 11 00bbff
3 28 11 00bbff
3 29 11 00bbff
3 30 11 00bbff
3 31 11 00bbff
3 32 11 00bbff
3 33 11 00bbff
3 34 11 00bbff
3 35 11 00bbff
3 36 11 00bbff
3 37 11 00bbff
3 38 11 00bbff
3 39 11 00bbff
3 40 11 00bbff
3 41 11 00bbff
3 42 11 00bbff
3 43 11 00bbff
3 44 11 00bbff
3 45 11 00bbff
3 46 11 00bbff
3 47 11 00bbff
4 0 11 00bbff
4 1 11 00bbff
4 2 11 00bbff
4 3 11 00bbff
4 4 11 00bbff
4 5 11 00bbff
4 6 11 00bbff
4 7 11 00bbff
4 8 11 00bbff
4 9 11 00bbff
4 10 11 00bbff
4 11 11 00bbff
4 12 11 00bbff
4 13 11 00bbff
4 14 11 00bbff
4 15 11 00bbff
4 16 11 00bbff
4 17 11 00bbff
4 18 11 00bbff
4 19 11 00bbff
4 20 11 00bbff
4 21 11 00bbff
4 22 11 00bbff
4 23 11 00bbff
4 24 11 00bbff
4 25 11 00bbff
4 26 11 00bbff
4 27 11 00bbff
4 28 11 00bbff
4 29 11 00bbff
4 30 11 00bbff
4 31 11 00bbff
4 32 11 00bbff
4 33 11 00bbff
4 34 11 00bbff
4 35 11 00bbff
4 36 11 00bbff
4 37 11 00bbff
4 38 11 00bbff
4 39 11 00bbff
4 40 11 00bbff
4 41 11 00bbff
4 42 11 00bbff
4 43 11 00bbff
4 44 11 00bbff
4 45 11 00bbff
4 46 11 00bbff
4 47 11 00bbff
5 0 11 00bbff
5 1 11 00bbff
5 2 11 00bbff
5 3 11 00bbff
5 4 11 00bbff
5 5 11 00bbff
5 6 11 00bbff
5 7 11 00bbff
5 8 11 00bbff
5 9 11 00bbff
5 10 11 00bbff
5 11 11 00bbff
5 12 11 00bbff
5 13 11 00bbff
5 14 11 00bbff
5 15 11 00bbff
5 16 11 00bbff
5 17 11 00bbff
5 18 11 00bbff
5 19 11 00bbff
5 20 11 00bbff
5 21 11 00bbff
5 22 11 00bbff
5 23 11 00bbff
5 24 11 00bbff
5 25 11 00bbff
5 26 11 00bbff
5 27 11 00bbff
5 28 11 00bbff
5 29 11 00bbff
5 30 11 00bbff
5 31 11 00bbff
5 32 11 00bbff
5 33 11 00bbff
5 34 11 00bbff
5 35 11 00bbff
5 36 11 00bbff
5 37 11 00bbff
5 38 11 00bbff
5 39 11 00bbff
5 40 11 00bbff
5 41 11 00bbff
5 42 11 00bbff
5 43 11 00bbff
5 44 11 00bbff
5 45 11 00bbff
5 46 11 00bbff
5 47 11 00bbff
6 0 11 00bbff
6 1 11 00bbff
6 2 11 00bbff
6 3 11 00bbff
6 4 11 00bbff
6 5 11 00bbff
6 6 11 00bbff
6 7 11 00bbff
6 8 11 00bbff
6 9 11 00bbff
6 10 11 00bbff
6 11 11 00bbff
6 12 11 00bbff
6 13 11 00bbff
6 14 11 00bbff
6 15 11 00bbff
6 16 11 00bbff
6 17 11 00bbff
6 18 11 00bbff
6 19 11 00bbff
6 20 11 00bbff
6 21 11 00bbff
6 22 11 00bbff
6 23 11 00bbff
6 24 11 00bbff
6 25 11 00bbff
6 26 11 00bbff
6 27 11 00bbff
6 28 11 00bbff
6 29 11 00bbff
6 30 11 00bbff
6 31 11 00bbff
6 32 11 00bbff
6 33 11 00bbff
6 34 11 00bbff
6 35 11 00bbff
6 36 11 00bbff
6 37 11 00bbff
6 38 11 00bbff
6 39 11 00bbff
6 40 11 00bbff
6 41 11 00bbff
6 42 11 00bbff
6 43 11 00bbff
6 44 11 00bbff
6 45 11 00bbff
6 46 11 00bbff
6 47 11 00bbff
7 0 11 00bbff
7 1 11 00bbff
7 2 11 00bbff
7 3 11 00bbff
7 4 11 00bbff
7 5 11 00bbff
7 6 11 00bbff
7 7 11 00bbff
7 8 11 00bbff
7 9 11 00bbff
7 10 11 00bbff
7 11 11 00bbff
7 12 11 00bbff
7 13 11 00bbff
7 14 11 00bbff
7 15 11 00bbff
7 16 11 00bbff
7 17 11 00bbff
7 18 11 00bbff
7 19 11 00bbff
7 20 11 00bbff
7 21 11 00bbff
7 22 11 00bbff
7 23 11 00bbff
7 24 11 00bbff
7 25 11 00bbff
7 26 11 00bbff
7 27 11 00bbff
7 28 11 00bbff
7 29 11 00bbff
7 30 11 00bbff
7 31 11 00bbff
7 32 11 00bbff
7 33 11 00bbff
7 34 11 00bbff
7 35 11 00bbff
7 36 11 00bbff
7 37 11 00bbff
7 38 11 00bbff
7 39 11 00bbff
7 40 11 00bbff
7 41 11 00bbff
7 42 11 00bbff
7 43 11 00bbff
7 44 11 00bbff
7 45 11 00bbff
7 46 11 00bbff
7 47 11 00bbff
8 0 11 00bbff
8 1 11 00bbff
8 2 11 00bbff
8 3 11 00bbff
8 4 11 00bbff
8 5 11 00bbff
8 6 11 00bbff
8 7 11 00bbff
8 8 11 00bbff
8 9 11 00bbff
8 10 11 00bbff
8 11 11 00bbff
8 12 11 00bbff
8 13 11 00bbff
8 14 11 00bbff
8 15 11 00bbff
8 16 11 00bbff
8 17 11 00bbff
8 18 11 00bbff
8 19 11 00bbff
8 20 11 00bbff
8 21 11 00bbff
8 22 11 00bbff
8 23 11 00bbff
8 24 11 00bbff
8 25 11 00bbff
8 26 11 00bbff
8 27 11 00bbff
8 28 11 00bbff
8 29 11 00bbff
8 30 11 00bbff
8 31 11 00bbff
8 32 11 00bbff
8 33 11 00bbff
8 34 11 00bbff
8 35 11 00bbff
8 36 11 00bbff
8 37 11 00bbff
8 38 11 00bbff
8 39 11 00bbff
8 40 11 00bbff
8 41 11 00bbff
8 42 11 00bbff
8 43 11 00bbff
8 44 11 00bbff
8 45 11 00bbff
8 46 11 00bbff
8 47 11 00bbff
9 0 11 00bbff
9 1 11 00bbff
9 2 11 00bbff
9 3 11 00bbff
9 4 11 00bbff
9 5 11 00bbff
9 6 11 00bbff
9 7 11 00bbff
9 8 11 00bbff
9 9 11 00bbff
9 10 11 00bbff
9 11 11 00bbff
9 12 11 00bbff
9 13 11 00bbff
9 14 11 00bbff
9 15 11 00bbff
9 16 11 00bbff
9 17 11 00bbff
9 18 11 00bbff
9 19 11 00bbff
9 20 11 00bbff
9 21 11 00bbff
9 22 11 00bbff
9 23 11 00bbff
9 24 11 00bbff
9 25 11 00bbff
9 26 11 00bbff
9 27 11 00bbff
9 28 11 00bbff
9 29 11 00bbff
9 30 11 00bbff
9 31 11 00bbff
9 32 11 00bbff
9 33 11 00bbff
9 34 11 00bbff
9 35 11 00bbff
9 36 11 00bbff
9 37 11 00bbff
9 38 11 00bbff
9 39 11 00bbff
9 40 11 00bbff
9 41 11 00bbff
9 42 11 00bbff
9 43 11 00bbff
9 44 11 00bbff
9 45 11 00bbff
9 46 11 00bbff
9 47 11 00bbff
10 0 11 00bbff
10 1 11 00bbff
10 2 11 00bbff
10 3 11 00bbff
10 4 11 00bbff
10 5 11 00bbff
10 6 11 00bbff
10 7 11 00bbff
10 8 11 00bbff
10 9 11 00bbff
10 10 11 00bbff
10 11 11 00bbff
10 12 11 00bbff
10 13 11 00bbff
10 14 11 00bbff
10 15 11 00bbff
10 16 11 00bbff
10 17 11 00bbff
10 18 11 00bbff
10 19 11 00bbff
10 20 11 00bbff
10 21 11 00bbff
10 22 11 00bbff
10 23 11 00bbff
10 24 11 00bbff
10 25 11 00bbff
10 26 11 00bbff
10 27 11 00bbff
10 28 11 00bbff
10 29 11 00bbff
10 30 11 00bbff
10 31 11 00bbff
10 32 11 00bbff
10 33 11 00bbff
10 34 11 00bbff
10 35 11 00bbff
10 36 11 00bbff
10 37 11 00bbff
10 38 11 00bbff
10 39 11 00bbff
10 40 11 00bbff
10 41 11 00bbff
10 42 11 00bbff
10 43 11 00bbff
10 44 11 00bbff
10 45 11 00bbff
10 46 11 00bbff
10 47 11 00bbff
11 0 11 00bbff
11 1 11 00bbff
11 2 11 00bbff
11 3 11 00bbff
11 4 11 00bbff
11 5 11 00bbff
11 6 11 00bbff
11 7 11 00bbff
11 8 11 00bbff
11 9 11 00bbff
11 10 11 00bbff
11 11 11 00bbff
11 12 11 00bbff
11 13 11 00bbff
11 14 11 00bbff
11 15 11 00bbff
11 16 11 00bbff
11 17 11 00bbff
11 18 11 00bbff
11 19 11 00bbff
11 20 11 00bbff
11 21 11 00bbff
11 22 11 00bbff
11 23 11 00bbff
11 24 11 00bbff
11 25 11 00bbff
11 26 11 00bbff
11 27 11 00bbff
11 28 11 00bbff
11 29 11 00bbff
11 30 11 00bbff
11 31 11 00bbff
11 32 11 00bbff
11 33 11 00bbff
11 34 11 00bbff
11 35 11 00bbff
11 36 11 00bbff
11 37 11 00bbff
11 38 11 00bbff
11 39 11 00bbff
11 40 11 00bbff
11 41 11 00bbff
11 42 11 00bbff
11 43 11 00bbff
11 44 11 00bbff
11 45 11 00bbff
11 46 11 00bbff
11 47 11 00bbff
12 0 11 00bbff
12 1 11 00bbff
12 2 11 00bbff
12 3 11 00bbff
12 4 11 00bbff
12 5 11 00bbff
12 6 11 00bbff
12 7 11 00bbff
12 8 11 00bbff
12 9 11 00bbff
12 10 11 00bbff
12 11 11 00bbff
12 12 11 00bbff
12 13 11 00bbff
12 14 11 00bbff
12 15 11 00bbff
12 16 11 00bbff
12 17 11 00bbff
12 18 11 00bbff
12 19 11 00bbff
12 20 11 00bbff
12 21 11 00bbff
12 22 11 00bbff
12 23 11 00bbff
12 24 11 00bbff
12 25 11 00bbff
12 26 11 00bbff
12 27 11 00bbff
12 28 11 00bbff
12 29 11 00bbff
12 30 11 00bbff
12 31 11 00bbff
12 32 11 00bbff
12 33 11 00bbff
12 34 11 00bbff
12 35 11 00bbff
12 36 11 00bbff
12 37 11 00bbff
12 38 11 00bbff
12 39 11 00bbff
12 40 11 00bbff
12 41 11 00bbff
12 42 11 00bbff
12 43 11 00bbff
12 44 11 00bbff
12 45 11 00bbff
12 46 11 00bbff
12 47 11 00bbff
13 0 11 00bbff
13 1 11 00bbff
13 2 11 00bbff
13 3 11 00bbff
13 4 11 00bbff
13 5 11 00bbff
13 6 11 00bbff
13 7 11 00bbff
13 8 11 00bbff
13 9 11 00bbff
13 10 11 00bbff
13 11 11 00bbff
13 12 11 00bbff
13 13 11 00bbff
13 14 11 00bbff
13 15 11 00bbff
13 16 11 00bbff
13 17 11 00bbff
13 18 11 00bbff
13 19 11 00bbff
13 20 11 00bbff
13 21 11 00bbff
13 22 11 00bbff
13 23 11 00bbff
13 24 11 00bbff
13 25 11 00bbff
13 26 11 00bbff
13 27 11 00bbff
13 28 11 00bbff
13 29 11 00bbff
13 30 11 00bbff
13 31 11 00bbff
13 32 11 00bbff
13 33 11 00bbff
13 34 11 00bbff
13 35 11 00bbff
13 36 11 00bbff
13 37 11 00bbff
13 38 11 00bbff
13 39 11 00bbff
13 40 11 00bbff
13 41 11 00bbff
13 42 11 00bbff
13 43 11 00bbff
13 44 11 00bbff
13 45 11 00bbff
13 46 11 00bbff
13 47 11 00bbff
14 0 11 00bbff
14 1 11 00bbff
14 2 11 00bbff
14 3 11 00bbff
14 4 11 00bbff
14 5 11 00bbff
14 6 11 00bbff
14 7 11 00bbff
14 8 11 00bbff
14 9 11 00bbff
14 10 11 00bbff
14 11 11 00bbff
14 12 11 00bbff
14 13 11 00bbff
14 14 11 00bbff
14 15 11 00bbff
14 16 11 00bbff
14 17 11 00bbff
14 18 11 00bbff
14 19 11 00bbff
14 20 11 00bbff
14 21 11 00bbff
14 22 11 00bbff
14 23 11 00bbff
14 24 11 00bbff
14 25 11 00bbff
14 26 11 00bbff
14 27 11 00bbff
14 28 11 00bbff
14 29 11 00bbff
14 30 11 00bbff
14 31 11 00bbff
14 32 11 00bbff
14 33 11 00bbff
14 34 11 00bbff
14 35 11 00bbff
14 36 11 00bbff
14 37 11 00bbff
14 38 11 00bbff
14 39 11 00bbff
14 40 11 00bbff
14 41 11 00bbff
14 42 11 00bbff
14 43 11 00bbff
14 44 11 00bbff
14 45 11 00bbff
14 46 11 00bbff
14 47 11 00bbff
15 0 11 00bbff
15 1 11 00bbff
15 2 11 00bbff
15 3 11 00bbff
15 4 11 00bbff
15 5 11 00bbff
15 6 11 00bbff
15 7 11 00bbff
15 8 11 00bbff
15 9 11 00bbff
15 10 11 00bbff
15 11 11 00bbff
15 12 11 00bbff
15 13 11 00bbff
15 14 11 00bbff
15 15 11 00bbff
15 16 11 00bbff
15 17 11 00bbff
15 18 11 00bbff
15 19 11 00bbff
15 20 11 00bbff
15 21 11 00bbff
15 22 11 00bbff
15 23 11 00bbff
15 24 11 00bbff
15 25 11 00bbff
15 26 11 00bbff
15 27 11 00bbff
15 28 11 00bbff
15 29 11 00bbff
15 30 11 00bbff
15 31 11 00bbff
15 32 11 00bbff
15 33 11 00bbff
15 34 11 00bbff
15 35 11 00bbff
15 36 11 00bbff
15 37 11 00bbff
15 38 11 00bbff
15 39 11 00bbff
15 40 11 00bbff
15 41 11 00bbff
15 42 11 00bbff
15 43 11 00bbff
15 44 11 00bbff
15 45 11 00bbff
15 46 11 00bbff
15 47 11 00bbff
16 0 11 00bbff
16 1 11 00bbff
16 2 11 00bbff
16 3 11 00bbff
16 4 11 00bbff
16 5 11 00bbff
16 6 11 00bbff
16 7 11 00bbff
16 8 11 00bbff
16 9 11 00bbff
16 10 11 00bbff
16 11 11 00bbff
16 12 11 00bbff
16 13 11 00bbff
16 14 11 00bbff
16 15 11 00bbff
16 16 11 00bbff
16 17 11 00bbff
16 18 11 00bbff
16 19 11 00bbff
16 20 11 00bbff
16 21 11 00bbff
16 22 11 00bbff
16 23 11 00bbff
16 24 11 00bbff
16 25 11 00bbff
16 26 11 00bbff
16 27 11 00bbff
16 28 11 00bbff
16 29 11 00bbff
16 30 11 00bbff
16 31 11 00bbff
16 32 11 00bbff
16 33 11 00bbff
16 34 11 00bbff
16 35 11 00bbff
16 36 11 00bbff
16 37 11 00bbff
16 38 11 00bbff
16 39 11 00bbff
16 40 11 00bbff
16 41 11 00bbff
16 42 11 00bbff
16 43 11 00bbff
16 44 11 00bbff
16 45 11 00bbff
16 46 11 00bbff
16 47 11 00bbff
17 0 11 00bbff
17 1 11 00bbff
17 2 11 00bbff
17 3 11 00bbff
17 4 11 00bbff
17 5 11 00bbff
17 6 11 00bbff
17 7 11 00bbff
17 8 11 00bbff
17 9 11 00bbff
17 10 11 00bbff
17 11 11 00bbff
17 12 11 00bbff
17 13 11 00bbff
17 14 11 00bbff
17 15 11 00bbff
17 16 11 00bbff
17 17 11 00bbff
17 18 11 00bbff
17 19 11 00bbff
17 20 11 00bbff
17 21 11 00bbff
17 22 11 00bbff
17 23 11 00bbff
17 24 11 00bbff
17 25 11 00bbff
17 26 11 00bbff
17 27 11 00bbff
17 28 11 00bbff
17 29 11 00bbff
17 30 11 00bbff
17 31 11 00bbff
17 32 11 00bbff
17 33 11 00bbff
17 34 11 00bbff
17 35 11 00bbff
17 36 11 00bbff
17 37 11 00bbff
17 38 11 00bbff
17 39 11 00bbff
17 40 11 00bbff
17 41 11 00bbff
17 42 11 00bbff
17 43 11 00bbff
17 44 11 00bbff
17 45 11 00bbff
17 46 11 00bbff
17 47 11 00bbff
18 0 11 00bbff
18 1 11 00bbff
18 2 11 00bbff
18 3 11 00bbff
18 4 11 00bbff
18 5 11 00bbff
18 6 11 00bbff
18 7 11 00bbff
18 8 11 00bbff
18 9 11 00bbff
18 10 11 00bbff
18 11 11 00bbff
18 12 11 00bbff
18 13 11 00bbff
18 14 11 00bbff
18 15 11 00bbff
18 16 11 00bbff
18 17 11 00bbff
18 18 11 00bbff
18 19 11 00bbff
18 20 11 00bbff
18 21 11 00bbff
18 22 11 00bbff
18 23 11 00bbff
18 24 11 00bbff
18 25 11 00bbff
18 26 11 00bbff
18 27 11 00bbff
18 28 11 00bbff
18 29 11 00bbff
18 30 11 00bbff
18 31 11 00bbff
18 32 11 00bbff
18 33 11 00bbff
18 34 11 00bbff
18 35 11 00bbff
18 36 11 00bbff
18 37 11 00bbff
18 38 11 00bbff
18 39 11 00bbff
18 40 11 00bbff
18 41 11 00bbff
18 42 11 00bbff
18 43 11 00bbff
18 44 11 00bbff
18 45 11 00bbff
18 46 11 00bbff
18 47 11 00bbff
19 0 11 00bbff
19 1 11 00bbff
19 2 11 00bbff
19 3 11 00bbff
19 4 11 00bbff
19 5 11 00bbff
19 6 11 00bbff
19 7 11 00bbff
19 8 11 00bbff
19 9 11 00bbff
19 10 11 00bbff
19 11 11 00bbff
19 12 11 00bbff
19 13 11 00bbff
19 14 11 00bbff
19 15 11 00bbff
19 16 11 00bbff
19 17 11 00bbff
19 18 11 00bbff
19 19 11 00bbff
19 20 11 00bbff
19 21 11 00bbff
19 22 11 00bbff
19 23 11 00bbff
19 24 11 00bbff
19 25 11 00bbff
19 26 11 00bbff
19 27 11 00bbff
19 28 11 00bbff
19 29 11 00bbff
19 30 11 00bbff
19 31 11 00bbff
19 32 11 00bbff
19 33 11 00bbff
19 34 11 00bbff
19 35 11 00bbff
19 36 11 00bbff
19 37 11 00bbff
19 38 11 00bbff
19 39 11 00bbff
19 40 11 00bbff
19 41 11 00bbff
19 42 11 00bbff
19 43 11 00bbff
19 44 11 00bbff
19 45 11 00bbff
19 46 11 00bbff
19 47 11 00bbff
20 0 11 00bbff
20 1 11 00bbff
20 2 11 00bbff
20 3 11 00bbff
20 4 11 00bbff
20 5 11 00bbff
20 6 11 00bbff
20 7 11 00bbff
20 8 11 00bbff
20 9 11 00bbff
20 10 11 00bbff
20 11 11 00bbff
20 12 11 00bbff
20 13 11 00bbff
20 14 11 00bbff
20 15 11 00bbff
20 16 11 00bbff
20 17 11 00bbff
20 18 11 00bbff
20 19 11 00bbff
20 20 11 00bbff
20 21 11 00bbff
20 22 11 00bbff
20 23 11 00bbff
20 24 11 00bbff
20 25 11 00bbff
20 26 11 00bbff
20 27 11 00bbff
20 28 11 00bbff
20 29 11 00bbff
20 30 11 00bbff
20 31 11 00bbff
20 32 11 00bbff
20 33 11 00bbff
20 34 11 00bbff
20 35 11 00bbff
20 36 11 00bbff
20 37 11 00bbff
20 38 11 00bbff
20 39 11 00bbff
20 40 11 00bbff
20 41 11 00bbff
20 42 11 00bbff
20 43 11 00bbff
20 44 11 00bbff
20 45 11 00bbff
20 46 11 00bbff
20 47 11 00bbff
21 0 11 00bbff
21 1 11 00bbff
21 2 11 00bbff
21 3 11 00bbff
21 4 11 00bbff
21 5 11 00bbff
21 6 11 00bbff
21 7 11 00bbff
21 8 11 00bbff
21 9 11 00bbff
21 10 11 00bbff
21 11 11 00bbff
21 12 11 00bbff
21 13 11 00bbff
21 14 11 00bbff
21 15 11 00bbff
21 16 11 00bbff
21 17 11 00bbff
21 18 11 00bbff
21 19 11 00bbff
21 20 11 00bbff
21 21 11 00bbff
21 22 11 00bbff
21 23 11 00bbff
21 24 11 00bbff
21 25 11 00bbff
21 26 11 00bbff
21 27 11 00bbff
21 28 11 00bbff
21 29 11 00bbff
21 30 11 00bbff
21 31 11 00bbff
21 32 11 00bbff
21 33 11 00bbff
21 34 11 00bbff
21 35 11 00bbff
21 36 11 00bbff
21 37 11 00bbff
21 38 11 00bbff
21 39 11 00bbff
21 40 11 00bbff
21 41 11 00bbff
21 42 11 00bbff
21 43 11 00bbff
21 44 11 00bbff
21 45 11 00bbff
21 46 11 00bbff
21 47 11 00bbff
22 0 11 00bbff
22 1 11 00bbff
22 2 11 00bbff
22 3 11 00bbff
22 4 11 00bbff
22 5 11 00bbff
22 6 11 00bbff
22 7 11 00bbff
22 8 11 00bbff
22 9 11 00bbff
22 10 11 00bbff
22 11 11 00bbff
22 12 11 00bbff
22 13 11 00bbff
22 14 11 00bbff
22 15 11 00bbff
22 16 11 00bbff
22 17 11 00bbff
22 18 11 00bbff
22 19 11 00bbff
22 20 11 00bbff
22 21 11 00bbff
22 22 11 00bbff
22 23 11 00bbff
22 24 11 00bbff
22 25 11 00bbff
22 26 11 00bbff
22 27 11 00bbff
22 28 11 00bbff
22 29 11 00bbff
22 30 11 00bbff
22 31 11 00bbff
22 32 11 00bbff
22 33 11 00bbff
22 34 11 00bbff
22 35 11 00bbff
22 36 11 00bbff
22 37 11 00bbff
22 38 11 00bbff
22 39 11 00bbff
22 40 11 00bbff
22 41 11 00bbff
22 42 11 00bbff
22 43 11 00bbff
22 44 11 00bbff
22 45 11 00bbff
22 46 11 00bbff
22 47 11 00bbff
23 0 11 00bbff
23 1 11 00bbff
23 2 11 00bbff
23 3 11 00bbff
23 4 11 00bbff
23 5 11 00bbff
23 6 11 00bbff
23 7 11 00bbff
23 8 11 00bbff
23 9 11 00bbff
23 10 11 00bbff
23 11 11 00bbff
23 12 11 00bbff
23 13 11 00bbff
23 14 11 00bbff
23 15 11 00bbff
23 16 11 00bbff
23 17 11 00bbff
23 18 11 00bbff
23 19 11 00bbff
23 20 11 00bbff
23 21 11 00bbff
23 22 11 00bbff
23 23 11 00bbff
23 24 11 00bbff
23 25 11 00bbff
23 26 11 00bbff
23 27 11 00bbff
23 28 11 00bbff
23 29 11 00bbff
23 30 11 00bbff
23 31 11 00bbff
23 32 11 00bbff
23 33 11 00bbff
23 34 11 00bbff
23 35 11 00bbff
23 36 11 00bbff
23 37 11 00bbff
23 38 11 00bbff
23 39 11 00bbff
23 40 11 00bbff
23 41 11 00bbff
23 42 11 00bbff
23 43 11 00bbff
23 44 11 00bbff
23 45 11 00bbff
23 46 11 00bbff
23 47 11 00bbff
24 0 11 00bbff
24 1 11 00bbff
24 2 11 00bbff
24 3 11 00bbff
24 4 11 00bbff
24 5 11 00bbff
24 6 11 00bbff
24 7 11 00bbff
24 8 11 00bbff
24 9 11 00bbff
24 10 11 00bbff
24 11 11 00bbff
24 12 11 00bbff
24 13 11 00bbff
24 14 11 00bbff
24 15 11 00bbff
24 16 11 00bbff
24 17 11 00bbff
24 18 11 00bbff
24 19 11 00bbff
24 20 11 00bbff
24 21 11 00bbff
24 22 11 00bbff
24 23 11 00bbff
24 24 11 00bbff
24 25 11 00bbff
24 26 11 00bbff
24 27 11 00bbff
24 28 11 00bbff
24 29 11 00bbff
24 30 11 00bbff
24 31 11 00bbff
24 32 11 00bbff
24 33 11 00bbff
24 34 11 00bbff
24 35 11 00bbff
24 36 11 00bbff
24 37 11 00bbff
24 38 11 00bbff
24 39 11 00bbff
24 40 11 00bbff
24 41 11 00bbff
24 42 11 00bbff
24 43 11 00bbff
24 44 11 00bbff
24 45 11 00bbff
24 46 11 00bbff
24 47 11 00bbff
25 0 11 00bbff
25 1 11 00bbff
25 2 11 00bbff
25 3 11 00bbff
25 4 11 00bbff
25 5 11 00bbff
25 6 11 00bbff
25 7 11 00bbff
25 8 11 00bbff
25 9 11 00bbff
25 10 11 00bbff
25 11 11 00bbff
25 12 11 00bbff
25 13 11 00bbff
25 14 11 00bbff
25 15 11 00bbff
25 16 11 00bbff
25 17 11 00bbff
25 18 11 00bbff
25 19 11 00bbff
25 20 11 00bbff
25 21 11 00bbff
25 22 11 00bbff
25 23 11 00bbff
25 24 11 00bbff
25 25 11 00bbff
25 26 11 00bbff
25 27 11 00bbff
25 28 11 00bbff
25 29 11 00bbff
25 30 11 00bbff
25 31 11 00bbff
25 32 11 00bbff
25 33 11 00bbff
25 34 11 00bbff
25 35 11 00bbff
25 36 11 00bbff
25 37 11 00bbff
25 38 11 00bbff
25 39 11 00bbff
25 40 11 00bbff
25 41 11 00bbff
25 42 11 00bbff
25 43 11 00bbff
25 44 11 00bbff
25 45 11 00bbff
25 46 11 00bbff
25 47 11 00bbff
26 0 11 00bbff
26 1 11 00bbff
26 2 11 00bbff
26 3 11 00bbff
26 4 11 00bbff
26 5 11 00bbff
26 6 11 00bbff
26 7 11 00bbff
26 8 11 00bbff
26 9 11 00bbff
26 10 11 00bbff
26 11 11 00bbff
26 12 11 00bbff
26 13 11 00bbff
26 14 11 00bbff
26 15 11 00bbff
26 16 11 00bbff
26 17 11 00bbff
26 18 11 00bbff
26 19 11 00bbff
26 20 11 00bbff
26 21 11 00bbff
26 22 11 00bbff
26 23 11 00bbff
26 24 11 00bbff
26 25 11 00bbff
26 26 11 00bbff
26 27 11 00bbff
26 28 11 00bbff
26 29 11 00bbff
26 30 11 00bbff
26 31 11 00bbff
26 32 11 00bbff
26 33 11 00bbff
26 34 11 00bbff
26 35 11 00bbff
26 36 11 00bbff
26 37 11 00bbff
26 38 11 00bbff
26 39 11 00bbff
26 40 11 00bbff
26 41 11 00bbff
26 42 11 00bbff
26 43 11 00bbff
26 44 11 00bbff
26 45 11 00bbff
26 46 11 00bbff
26 47 11 00bbff
27 0 11 00bbff
27 1 11 00bbff
27 2 11 00bbff
27 3 11 00bbff
27 4 11 00bbff
27 5 11 00bbff
27 6 11 00bbff
27 7 11 00bbff
27 8 11 00bbff
27 9 11 00bbff
27 10 11 00bbff
27 11 11 00bbff
27 12 11 00bbff
27 13 11 00bbff
27 14 11 00bbff
27 15 11 00bbff
27 16 11 00bbff
27 17 11 00bbff
27 18 11 00bbff
27 19 11 00bbff
27 20 11 00bbff
27 21 11 00bbff
27 22 11 00bbff
27 23 11 00bbff
27 24 11 00bbff
27 25 11 00bbff
27 26 11 00bbff
27 27 11 00bbff
27 28 11 00bbff
27 29 11 00bbff
27 30 11 00bbff
27 31 11 00bbff
27 32 11 00bbff
27 33 11 00bbff
27 34 11 00bbff
27 35 11 00bbff
27 36 11 00bbff
27 37 11 00bbff
27 38 11 00bbff
27 39 11 00bbff
27 40 11 00bbff
27 41 11 00bbff
27 42 11 00bbff
27 43 11 00bbff
27 44 11 00bbff
27 45 11 00bbff
27 46 11 00bbff
27 47 11 00bbff
28 0 11 00bbff
28 1 11 00bbff
28 2 11 00bbff
28 3 11 00bbff
28 4 11 00bbff
28 5 11 00bbff
28 6 11 00bbff
28 7 11 00bbff
28 8 11 00bbff
28 9 11 00bbff
28 10 11 00bbff
28 11 11 00bbff
28 12 11 00bbff
28 13 11 00bbff
28 14 11 00bbff
28 15 11 00bbff
28 16 11 00bbff
28 17 11 00bbff
28 18 11 00bbff
28 19 11 00bbff
28 20 11 00bbff
28 21 11 00bbff
28 22 11 00bbff
28 23 11 00bbff
28 24 11 00bbff
28 25 11 00bbff
28 26 11 00bbff
28 27 11 00bbff
28 28 11 00bbff
28 29 11 00bbff
28 30 11 00bbff
28 31 11 00bbff
28 32 11 00bbff
28 33 11 00bbff
28 34 11 00bbff
28 35 11 00bbff
28 36 11 00bbff
28 37 11 00bbff
28 38 11 00bbff
28 39 11 00bbff
28 40 11 00bbff
28 41 11 00bbff
28 42 11 00bbff
28 43 11 00bbff
28 44 11 00bbff
28 45 11 00bbff
28 46 11 00bbff
28 47 11 00bbff
29 0 11 00bbff
29 1 11 00bbff
29 2 11 00bbff
29 3 11 00bbff
29 4 11 00bbff
29 5 11 00bbff
29 6 11 00bbff
29 7 11 00bbff
29 8 11 00bbff
29 9 11 00bbff
29 10 11 00bbff
29 11 11 00bbff
29 12 11 00bbff
29 13 11 00bbff
29 14 11 00bbff
29 15 11 00bbff
29 16 11 00bbff
29 17 11 00bbff
29 18 11 00bbff
29 19 11 00bbff
29 20 11 00bbff
29 21 11 00bbff
29 22 11 00bbff
29 23 11 00bbff
29 24 11 00bbff
29 25 11 00bbff
29 26 11 00bbff
29 27 11 00bbff
29 28 11 00bbff
29 29 11 00bbff
29 30 11 00bbff
29 31 11 00bbff
29 32 11 00bbff
29 33 11 00bbff
29 34 11 00bbff
29 35 11 00bbff
29 36 11 00bbff
29 37 11 00bbff
29 38 11 00bbff
29 39 11 00bbff
29 40 11 00bbff
29 41 11 00bbff
29 42 11 00bbff
29 43 11 00bbff
29 44 11 00bbff
29 45 11 00bbff
29 46 11 00bbff
29 47 11 00bbff
30 0 11 00bbff
30 1 11 00bbff
30 2 11 00bbff
30 3 11 00bbff
30 4 11 00bbff
30 5 11 00bbff
30 6 11 00bbff
30 7 11 00bbff
30 8 11 00bbff
30 9 11 00bbff
30 10 11 00bbff
30 11 11 00bbff
30 12 11 00bbff
30 13 11 00bbff
30 14 11 00bbff
30 15 11 00bbff
30 16 11 00bbff
30 17 11 00bbff
30 18 11 00bbff
30 19 11 00bbff
30 20 11 00bbff
30 21 11 00bbff
30 22 11 00bbff
30 23 11 00bbff
30 24 11 00bbff
30 25 11 00bbff
30 26 11 00bbff
30 27 11 00bbff
30 28 11 00bbff
30 29 11 00bbff
30 30 11 00bbff
30 31 11 00bbff
30 32 11 00bbff
30 33 11 00bbff
30 34 11 00bbff
30 35 11 00bbff
30 36 11 00bbff
30 37 11 00bbff
30 38 11 00bbff
30 39 11 00bbff
30 40 11 00bbff
30 41 11 00bbff
30 42 11 00bbff
30 43 11 00bbff
30 44 11 00bbff
30 45 11 00bbff
30 46 11 00bbff
30 47 11 00bbff
31 0 11 00bbff
31 1 11 00bbff
31 2 11 00bbff
31 3 11 00bbff
31 4 11 00bbff
31 5 11 00bbff
31 6 11 00bbff
31 7 11 00bbff
31 8 11 00bbff
31 9 11 00bbff
31 10 11 00bbff
31 11 11 00bbff
31 12 11 00bbff
31 13 11 00bbff
31 14 11 00bbff
31 15 11 00bbff
31 16 11 00bbff
31 17 11 00bbff
31 18 11 00bbff
31 19 11 00bbff
31 20 11 00bbff
31 21 11 00bbff
31 22 11 00bbff
31 23 11 00bbff
31 24 11 00bbff
31 25 11 00bbff
31 26 11 00bbff
31 27 11 00bbff
31 28 11 00bbff
31 29 11 00bbff
31 30 11 00bbff
31 31 11 00bbff
31 32 11 00bbff
31 33 11 00bbff
31 34 11 00bbff
31 35 11 00bbff
31 36 11 00bbff
31 37 11 00bbff
31 38 11 00bbff
31 39 11 00bbff
31 40 11 00bbff
31 41 11 00bbff
31 42 11 00bbff
31 43 11 00bbff
31 44 11 00bbff
31 45 11 00bbff
31 46 11 00bbff
31 47 11 00bbff
32 0 11 00bbff
32 1 11 00bbff
32 2 11 00bbff
32 3 11 00bbff
32 4 11 00bbff
32 5 11 00bbff
32 6 11 00bbff
32 7 11 00bbff
32 8 11 00bbff
32 9 11 00bbff
32 10 11 00bbff
32 11 11 00bbff
32 12 11 00bbff
32 13 11 00bbff
32 14 11 00bbff
32 15 11 00bbff
32 16 11 00bbff
32 17 11 00bbff
32 18 11 00bbff
32 19 11 00bbff
32 20 11 00bbff
32 21 11 00bbff
32 22 11 00bbff
32 23 11 00bbff
32 24 11 00bbff
32 25 11 00bbff
32 26 11 00bbff
32 27 11 00bbff
32 28 11 00bbff
32 29 11 00bbff
32 30 11 00bbff
32 31 11 00bbff
32 32 11 00bbff
32 33 11 00bbff
32 34 11 00bbff
32 35 11 00bbff
32 36 11 00bbff
32 37 11 00bbff
32 38 11 00bbff
32 39 11 00bbff
32 40 11 00bbff
32 41 11 00bbff
32 42 11 00bbff
32 43 11 00bbff
32 44 11 00bbff
32 45 11 00bbff
32 46 11 00bbff
32 47 11 00bbff
33 0 11 00bbff
33 1 11 00bbff
33 2 11 00bbff
33 3 11 00bbff
33 4 11 00bbff
33 5 11 00bbff
33 6 11 00bbff
33 7 11 00bbff
33 8 11 00bbff
33 9 11 00bbff
33 10 11 00bbff
33 11 11 00bbff
33 12 11 00bbff
33 13 11 00bbff
33 14 11 00bbff
33 15 11 00bbff
33 16 11 00bbff
33 17 11 00bbff
33 18 11 00bbff
33 19 11 00bbff
33 20 11 00bbff
33 21 11 00bbff
33 22 11 00bbff
33 23 11 00bbff
33 24 11 00bbff
33 25 11 00bbff
33 26 11 00bbff
33 27 11 00bbff
33 28 11 00bbff
33 29 11 00bbff
33 30 11 00bbff
33 31 11 00bbff
33 32 11 00bbff
33 33 11 00bbff
33 34 11 00bbff
33 35 11 00bbff
33 36 11 00bbff
33 37 11 00bbff
33 38 11 00bbff
33 39 11 00bbff
33 40 11 00bbff
33 41 11 00bbff
33 42 11 00bbff
33 43 11 00bbff
33 44 11 00bbff
33 45 11 00bbff
33 46 11 00bbff
33 47 11 00bbff
34 0 11 00bbff
34 1 11 00bbff
34 2 11 00bbff
34 3 11 00bbff
34 4 11 00bbff
34 5 11 00bbff
34 6 11 00bbff
34 7 11 00bbff
34 8 11 00bbff
34 9 11 00bbff
34 10 11 00bbff
34 11 11 00bbff
34 12 11 00bbff
34 13 11 00bbff
34 14 11 00bbff
34 15 11 00bbff
34 16 11 00bbff
34 17 11 00bbff
34 18 11 00bbff
34 19 11 00bbff
34 20 11 00bbff
34 21 11 00bbff
34 22 11 00bbff
34 23 11 00bbff
34 24 11 00bbff
34 25 11 00bbff
34 26 11 00bbff
34 27 11 00bbff
34 28 11 00bbff
34 29 11 00bbff
34 30 11 00bbff
34 31 11 00bbff
34 32 11 00bbff
34 33 11 00bbff
35 0 11 00bbff
35 1 11 00bbff
35 2 11 00bbff
35 3 11 00bbff
35 4 11 00bbff
35 5 11 00bbff
35 6 11 00bbff
35 7 11 00bbff
35 8 11 00bbff
35 9 11 00bbff
35 10 11 00bbff
35 11 11 00bbff
35 12 11 00bbff
35 13 11 00bbff
35 14 11 00bbff
35 15 11 00bbff
35 16 11 00bbff
35 17 11 00bbff
35 18 11 00bbff
35 19 11 00bbff
35 20 11 00bbff
35 21 11 00bbff
35 22 11 00bbff
35 23 11 00bbff
35 24 11 00bbff
35 25 11 00bbff
35 26 11 00bbff
35 27 11 00bbff
35 28 11 00bbff
35 29 11 00bbff
35 30 11 00bbff
35 31 11 00bbff
35 32 11 00bbff
35 33 11 00bbff
36 0 11 00bbff
36 1 11 00bbff
36 2 11 00bbff
36 3 11 00bbff
36 4 11 00bbff
36 5 11 00bbff
36 6 11 00bbff
36 7 11 00bbff
36 8 11 00bbff
36 9 11 00bbff
36 10 11 00bbff
36 11 11 00bbff
36 12 11 00bbff
36 13 11 00bbff
36 14 11 00bbff
36 15 11 00bbff
36 16 11 00bbff
36 17 11 00bbff
36 18 11 00bbff
36 19 11 00bbff
36 20 11 00bbff
36 21 11 00bbff
36 22 11 00bbff
36 23 11 00bbff
36 24 11 00bbff
36 25 11 00bbff
36 26 11 00bbff
36 27 11 00bbff
36 28 11 00bbff
36 29 11 00bbff
36 30 11 00bbff
36 31 11 00bbff
36 32 11 00bbff
36 33 11 00bbff
37 0 11 00bbff
37 1 11 00bbff
37 2 11 00bbff
37 3 11 00bbff
37 4 11 00bbff
37 5 11 00bbff
37 6 11 00bbff
37 7 11 00bbff
37 8 11 00bbff
37 9 11 00bbff
37 10 11 00bbff
37 11 11 00bbff
37 12 11 00bbff
37 13 11 00bbff
37 14 11 00bbff
37 15 11 00bbff
37 16 11 00bbff
37 17 11 00bbff
37 18 11 00bbff
37 19 11 00bbff
37 20 11 00bbff
37 21 11 00bbff
37 22 11 00bbff
37 23 11 00bbff
37 24 11 00bbff
37 25 11 00bbff
37 26 11 00bbff
37 27 11 00bbff
37 28 11 00bbff
37 29 11 00bbff
37 30 11 00bbff
37 31 11 00bbff
37 32 11 00bbff
37 33 11 00bbff
38 0 11 00bbff
38 1 11 00bbff
38 2 11 00bbff
38 3 11 00bbff
38 4 11 00bbff
38 5 11 00bbff
38 6 11 00bbff
38 7 11 00bbff
38 8 11 00bbff
38 9 11 00bbff
38 10 11 00bbff
38 11 11 00bbff
38 12 11 00bbff
38 13 11 00bbff
38 14 11 00bbff
38 15 11 00bbff
38 16 11 00bbff
38 17 11 00bbff
38 18 11 00bbff
38 19 11 00bbff
38 20 11 00bbff
38 21 11 00bbff
38 22 11 00bbff
38 23 11 00bbff
38 24 11 00bbff
38 25 11 00bbff
38 26 11 00bbff
38 27 11 00bbff
38 28 11 00bbff
38 29 11 00bbff
38 30 11 00bbff
38 31 11 00bbff
38 32 11 00bbff
38 33 11 00bbff
39 0 11 00bbff
39 1 11 00bbff
39 2 11 00bbff
39 3 11 00bbff
39 4 11 00bbff
39 5 11 00bbff
39 6 11 00bbff
39 7 11 00bbff
39 8 11 00bbff
39 9 11 00bbff
39 10 11 00bbff
39 11 11 00bbff
39 12 11 00bbff
39 13 11 00bbff
39 14 11 00bbff
39 15 11 00bbff
39 16 11 00bbff
39 17 11 00bbff
39 18 11 00bbff
39 19 11 00bbff
39 20 11 00bbff
39 21 11 00bbff
39 22 11 00bbff
39 23 11 00bbff
39 24 11 00bbff
39 25 11 00bbff
39 26 11 00bbff
39 27 11 00bbff
39 28 11 00bbff
39 29 11 00bbff
39 30 11 00bbff
39 31 11 00bbff
39 32 11 00bbff
39 33 11 00bbff
40 0 11 00bbff
40 1 11 00bbff
40 2 11 00bbff
40 3 11 00bbff
40 4 11 00bbff
40 5 11 00bbff
40 6 11 00bbff
40 7 11 00bbff
40 8 11 00bbff
40 9 11 00bbff
40 10 11 00bbff
40 11 11 00bbff
40 12 11 00bbff
40 13 11 00bbff
40 14 11 00bbff
40 15 11 00bbff
40 16 11 00bbff
40 17 11 00bbff
40 18 11 00bbff
40 19 11 00bbff
40 20 11 00bbff
40 21 11 00bbff
40 22 11 00bbff
40 23 11 00bbff
40 24 11 00bbff
40 25 11 00bbff
40 26 11 00bbff
40 27 11 00bbff
40 28 11 00bbff
40 29 11 00bbff
40 30 11 00bbff
40 31 11 00bbff
40 32 11 00bbff
40 33 11 00bbff
41 0 11 00bbff
41 1 11 00bbff
41 2 11 00bbff
41 3 11 00bbff
41 4 11 00bbff
41 5 11 00bbff
41 6 11 00bbff
41 7 11 00bbff
41 8 11 00bbff
41 9 11 00bbff
41 10 11 00bbff
41 11 11 00bbff
41 12 11 00bbff
41 13 11 00bbff
41 14 11 00bbff
41 15 11 00bbff
41 16 11 00bbff
41 17 11 00bbff
41 18 11 00bbff
41 19 11 00bbff
41 20 11 00bbff
41 21 11 00bbff
41 22 11 00bbff
41 23 11 00bbff
41 24 11 00bbff
41 25 11 00bbff
41 26 11 00bbff
41 27 11 00bbff
41 28 11 00bbff
41 29 11 00bbff
41 30 11 00bbff
41 31 11 00bbff
41 32 11 00bbff
41 33 11 00bbff
42 0 11 00bbff
42 1 11 00bbff
42 2 11 00bbff
42 3 11 00bbff
42 4 11 00bbff
42 5 11 00bbff
42 6 11 00bbff
42 7 11 00bbff
42 8 11 00bbff
42 9 11 00bbff
42 10 11 00bbff
42 11 11 00bbff
42 12 11 00bbff
42 13 11 00bbff
42 14 11 00bbff
42 15 11 00bbff
42 16 11 00bbff
42 17 11 00bbff
42 18 11 00bbff
42 19 11 00bbff
42 20 11 00bbff
42 21 11 00bbff
42 22 11 00bbff
42 23 11 00bbff
42 24 11 00bbff
42 25 11 00bbff
42 26 11 00bbff
42 27 11 00bbff
42 28 11 00bbff
42 29 11 00bbff
42 30 11 00bbff
42 31 11 00bbff
42 32 11 00bbff
42 33 11 00bbff
43 0 11 00bbff
43 1 11 00bbff
43 2 11 00bbff
43 3 11 00bbff
43 4 11 00bbff
43 5 11 00bbff
43 6 11 00bbff
43 7 11 00bbff
43 8 11 00bbff
43 9 11 00bbff
43 10 11 00bbff
43 11 11 00bbff
43 12 11 00bbff
43 13 11 00bbff
43 14 11 00bbff
43 15 11 00bbff
43 16 11 00bbff
43 17 11 00bbff
43 18 11 00bbff
43 19 11 00bbff
43 20 11 00bbff
43 21 11 00bbff
43 22 11 00bbff
43 23 11 00bbff
43 24 11 00bbff
43 25 11 00bbff
43 26 11 00bbff
43 27 11 00bbff
43 28 11 00bbff
43 29 11 00bbff
43 30 11 00bbff
43 31 11 00bbff
43 32 11 00bbff
43 33 11 00bbff
44 0 11 00bbff
44 1 11 00bbff
44 2 11 00bbff
44 3 11 00bbff
44 4 11 00bbff
44 5 11 00bbff
44 6 11 00bbff
44 7 11 00bbff
44 8 11 00bbff
44 9 11 00bbff
44 10 11 00bbff
44 11 11 00bbff
44 12 11 00bbff
44 13 11 00bbff
44 14 11 00bbff
44 15 11 00bbff
44 16 11 00bbff
44 17 11 00bbff
44 18 11 00bbff
44 19 11 00bbff
44 20 11 00bbff
44 21 11 00bbff
44 22 11 00bbff
44 23 11 00bbff
44 24 11 00bbff
44 25 11 00bbff
44 26 11 00bbff
44 27 11 00bbff
44 28 11 00bbff
44 29 11 00bbff
44 30 11 00bbff
44 31 11 00bbff
44 32 11 00bbff
44 33 11 00bbff
45 0 11 00bbff
45 1 11 00bbff
45 2 11 00bbff
45 3 11 00bbff
45 4 11 00bbff
45 5 11 00bbff
45 6 11 00bbff
45 7 11 00bbff
45 8 11 00bbff
45 9 11 00bbff
45 10 11 00bbff
45 11 11 00bbff
45 12 11 00bbff
45 13 11 00bbff
45 14 11 00bbff
45 15 11 00bbff
45 16 11 00bbff
45 17 11 00bbff
45 18 11 00bbff
45 19 11 00bbff
45 20 11 00bbff
45 21 11 00bbff
45 22 11 00bbff
45 23 11 00bbff
45 24 11 00bbff
45 25 11 00bbff
45 26 11 00bbff
45 27 11 00bbff
45 28 11 00bbff
45 29 11 00bbff
45 30 11 00bbff
45 31 11 00bbff
45 32 11 00bbff
45 33 11 00bbff
46 0 11 00bbff
46 1 11 00bbff
46 2 11 00bbff
46 3 11 00bbff
46 4 11 00bbff
46 5 11 00bbff
46 6 11 00bbff
46 7 11 00bbff
46 8 11 00bbff
46 9 11 00bbff
46 10 11 00bbff
46 11 11 00bbff
46 12 11 00bbff
46 13 11 00bbff
46 14 11 00bbff
46 15 11 00bbff
46 16 11 00bbff
46 17 11 00bbff
46 18 11 00bbff
46 19 11 00bbff
46 20 11 00bbff
46 21 11 00bbff
46 22 11 00bbff
46 23 11 00bbff
46 24 11 00bbff
46 25 11 00bbff
46 26 11 00bbff
46 27 11 00bbff
46 28 11 00bbff
46 29 11 00bbff
46 30 11 00bbff
46 31 11 00bbff
46 32 11 00bbff
46 33 11 00bbff
46 34 11 00bbff
46 35 11 00bbff
46 36 11 00bbff
46 37 11 00bbff
46 38 11 00bbff
46 39 11 00bbff
46 40 11 00bbff
46 41 11 00bbff
46 42 11 00bbff
46 43 11 00bbff
46 44 11 00bbff
46 45 11 00bbff
46 46 11 00bbff
46 47 11 00bbff
47 0 11 00bbff
47 1 11 00bbff
47 2 11 00bbff
47 3 11 00bbff
47 4 11 00bbff
47 5 11 00bbff
47 6 11 00bbff
47 7 11 00bbff
47 8 11 00bbff
47 9 11 00bbff
47 10 11 00bbff
47 11 11 00bbff
47 12 11 00bbff
47 13 11 00bbff
47 14 11 00bbff
47 15 11 00bbff
47 16 11 00bbff
47 17 11 00bbff
47 18 11 00bbff
47 19 11 00bbff
47 20 11 00bbff
47 21 11 00bbff
47 22 11 00bbff
47 23 11 00bbff
47 24 11 00bbff
47 25 11 00bbff
47 26 11 00bbff
47 27 11 00bbff
47 28 11 00bbff
47 29 11 00bbff
47 30 11 00bbff
47 31 11 00bbff
47 32 11 00bbff
47 33 11 00bbff
47 34 11 00bbff
47 35 11 00bbff
47 36 11 00bbff
47 37 11 00bbff
47 38 11 00bbff
47 39 11 00bbff
47 40 11 00bbff
47 41 11 00bbff
47 42 11 00bbff
47 43 11 00bbff
47 44 11 00bbff
47 45 11 00bbff
47 46 11 00bbff
47 47 11 00bbff
48 0 11 00bbff
48 1 11 00bbff
48 2 11 00bbff
48 3 11 00bbff
48 4 11 00bbff
48 5 11 00bbff
48 6 11 00bbff
48 7 11 00bbff
48 8 11 00bbff
48 9 11 00bbff
48 10 11 00bbff
48 11 11 00bbff
48 12 11 00bbff
48 13 11 00bbff
48 14 11 00bbff
48 15 11 00bbff
48 16 11 00bbff
48 17 11 00bbff
48 18 11 00bbff
48 19 11 00bbff
48 20 11 00bbff
48 21 11 00bbff
48 22 11 00bbff
48 23 11 00bbff
48 24 11 00bbff
48 25 11 00bbff
48 26 11 00bbff
48 27 11 00bbff
48 28 11 00bbff
48 29 11 00bbff
48 30 11 00bbff
48 31 11 00bbff
48 32 11 00bbff
48 33 11 00bbff
48 34 11 00bbff
48 35 11 00bbff
48 36 11 00bbff
48 37 11 00bbff
48 38 11 00bbff
48 39 11 00bbff
48 40 11 00bbff
48 41 11 00bbff
48 42 11 00bbff
48 43 11 00bbff
48 44 11 00bbff
48 45 11 00bbff
48 46 11 00bbff
48 47 11 00bbff
49 0 11 00bbff
49 1 11 00bbff
49 2 11 00bbff
49 3 11 00bbff
49 4 11 00bbff
49 5 11 00bbff
49 6 11 00bbff
49 7 11 00bbff
49 8 11 00bbff
49 9 11 00bbff
49 10 11 00bbff
49 11 11 00bbff
49 12 11 00bbff
49 13 11 00bbff
49 14 11 00bbff
49 15 11 00bbff
49 16 11 00bbff
49 17 11 00bbff
49 18 11 00bbff
49 19 11 00bbff
49 20 11 00bbff
49 21 11 00bbff
49 22 11 00bbff
49 23 11 00bbff
49 24 11 00bbff
49 25 11 00bbff
49 26 11 00bbff
49 27 11 00bbff
49 28 11 00bbff
49 29 11 00bbff
49 30 11 00bbff
49 31 11 00bbff
49 32 11 00bbff
49 33 11 00bbff
49 34 11 00bbff
49 35 11 00bbff
49 36 11 00bbff
49 37 11 00bbff
49 38 11 00bbff
49 39 11 00bbff
49 40 11 00bbff
49 41 11 00bbff
49 42 11 00bbff
49 43 11 00bbff
49 44 11 00bbff
49 45 11 00bbff
49 46 11 00bbff
49 47 11 00bbff
50 0 11 00bbff
50 1 11 00bbff
50 2 11 00bbff
50 3 11 00bbff
50 4 11 00bbff
50 5 11 00bbff
50 6 11 00bbff
50 7 11 00bbff
50 8 11 00bbff
50 9 11 00bbff
50 10 11 00bbff
50 11 11 00bbff
50 12 11 00bbff
50 13 11 00bbff
50 14 11 00bbff
50 15 11 00bbff
50 16 11 00bbff
50 17 11 00bbff
50 18 11 00bbff
50 19 11 00bbff
50 20 11 00bbff
50 21 11 00bbff
50 22 11 00bbff
50 23 11 00bbff
50 24 11 00bbff
50 25 11 00bbff
50 26 11 00bbff
50 27 11 00bbff
50 28 11 00bbff
50 29 11 00bbff
50 30 11 00bbff
50 31 11 00bbff
50 32 11 00bbff
50 33 11 00bbff
50 34 11 00bbff
50 35 11 00bbff
50 36 11 00bbff
50 37 11 00bbff
50 38 11 00bbff
50 39 11 00bbff
50 40 11 00bbff
50 41 11 00bbff
50 42 11 00bbff
50 43 11 00bbff
50 44 11 00bbff
50 45 11 00bbff
50 46 11 00bbff
50 47 11 00bbff
51 0 11 00bbff
51 1 11 00bbff
51 2 11 00bbff
51 3 11 00bbff
51 4 11 00bbff
51 5 11 00bbff
51 6 11 00bbff
51 7 11 00bbff
51 8 11 00bbff
51 9 11 00bbff
51 10 11 00bbff
51 11 11 00bbff
51 12 11 00bbff
51 13 11 00bbff
51 14 11 00bbff
51 15 11 00bbff
51 16 11 00bbff
51 17 11 00bbff
51 18 11 00bbff
51 19 11 00bbff
51 20 11 00bbff
51 21 11 00bbff
51 22 11 00bbff
51 23 11 00bbff
51 24 11 00bbff
51 25 11 00bbff
51 26 11 00bbff
51 27 11 00bbff
51 28 11 00bbff
51 29 11 00bbff
51 30 11 00bbff
51 31 11 00bbff
51 32 11 00bbff
51 33 11 00bbff
51 34 11 00bbff
51 35 11 00bbff
51 36 11 00bbff
51 37 11 00bbff
51 38 11 00bbff
51 39 11 00bbff
51 40 11 00bbff
51 41 11 00bbff
51 42 11 00bbff
51 43 11 00bbff
51 44 11 00bbff
51 45 11 00bbff
51 46 11 00bbff
51 47 11 00bbff
52 0 11 00bbff
52 1 11 00bbff
52 2 11 00bbff
52 3 11 00bbff
52 4 11 00bbff
52 5 11 00bbff
52 6 11 00bbff
52 7 11 00bbff
52 8 11 00bbff
52 9 11 00bbff
52 10 11 00bbff
52 11 11 00bbff
52 12 11 00bbff
52 13 11 00bbff
52 14 11 00bbff
52 15 11 00bbff
52 16 11 00bbff
52 17 11 00bbff
52 18 11 00bbff
52 19 11 00bbff
52 20 11 00bbff
52 21 11 00bbff
52 22 11 00bbff
52 23 11 00bbff
52 24 11 00bbff
52 25 11 00bbff
52 26 11 00bbff
52 27 11 00bbff
52 28 11 00bbff
52 29 11 00bbff
52 30 11 00bbff
52 31 11 00bbff
52 32 11 00bbff
52 33 11 00bbff
52 34 11 00bbff
52 35 11 00bbff
52 36 11 00bbff
52 37 11 00bbff
52 38 11 00bbff
52 39 11 00bbff
52 40 11 00bbff
52 41 11 00bbff
52 42 11 00bbff
52 43 11 00bbff
52 44 11 00bbff
52 45 11 00bbff
52 46 11 00bbff
52 47 11 00bbff
53 0 11 00bbff
53 1 11 00bbff
53 2 11 00bbff
53 3 11 00bbff
53 4 11 00bbff
53 5 11 00bbff
53 6 11 00bbff
53 7 11 00bbff
53 8 11 00bbff
53 9 11 00bbff
53 10 11 00bbff
53 11 11 00bbff
53 12 11 00bbff
53 13 11 00bbff
53 14 11 00bbff
53 15 11 00bbff
53 16 11 00bbff
53 17 11 00bbff
53 18 11 00bbff
53 19 11 00bbff
53 20 11 00bbff
53 21 11 00bbff
53 22 11 00bbff
53 23 11 00bbff
53 24 11 00bbff
53 25 11 00bbff
53 26 11 00bbff
53 27 11 00bbff
53 28 11 00bbff
53 29 11 00bbff
53 30 11 00bbff
53 31 11 00bbff
53 32 11 00bbff
53 33 11 00bbff
53 34 11 00bbff
53 35 11 00bbff
53 36 11 00bbff
53 37 11 00bbff
53 38 11 00bbff
53 39 11 00bbff
53 40 11 00bbff
53 41 11 00bbff
53 42 11 00bbff
53 43 11 00bbff
53 44 11 00bbff
53 45 11 00bbff
53 46 11 00bbff
53 47 11 00bbff
54 0 11 00bbff
54 1 11 00bbff
54 2 11 00bbff
54 3 11 00bbff
54 4 11 00bbff
54 5 11 00bbff
54 6 11 00bbff
54 7 11 00bbff
54 8 11 00bbff
54 9 11 00bbff
54 10 11 00bbff
54 11 11 00bbff
54 12 11 00bbff
54 13 11 00bbff
54 14 11 00bbff
54 15 11 00bbff
54 16 11 00bbff
54 17 11 00bbff
54 18 11 00bbff
54 19 11 00bbff
54 20 11 00bbff
54 21 11 00bbff
54 22 11 00bbff
54 23 11 00bbff
54 24 11 00bbff
54 25 11 00bbff
54 26 11 00bbff
54 27 11 00bbff
54 28 11 00bbff
54 29 11 00bbff
54 30 11 00bbff
54 31 11 00bbff
54 32 11 00bbff
54 33 11 00bbff
54 34 11 00bbff
54 35 11 00bbff
54 36 11 00bbff
54 37 11 00bbff
54 38 11 00bbff
54 39 11 00bbff
54 40 11 00bbff
54 41 11 00bbff
54 42 11 00bbff
54 43 11 00bbff
54 44 11 00bbff
54 45 11 00bbff
54 46 11 00bbff
54 47 11 00bbff
55 0 11 00bbff
55 1 11 00bbff
55 2 11 00bbff
55 3 11 00bbff
55 4 11 00bbff
55 5 11 00bbff
55 6 11 00bbff
55 7 11 00bbff
55 8 11 00bbff
55 9 11 00bbff
55 10 11 00bbff
55 11 11 00bbff
55 12 11 00bbff
55 13 11 00bbff
55 14 11 00bbff
55 15 11 00bbff
55 16 11 00bbff
55 17 11 00bbff
55 18 11 00bbff
55 19 11 00bbff
55 20 11 00bbff
55 21 11 00bbff
55 22 11 00bbff
55 23 11 00bbff
55 24 11 00bbff
55 25 11 00bbff
55 26 11 00bbff
55 27 11 00bbff
55 28 11 00bbff
55 29 11 00bbff
55 30 11 00bbff
55 31 11 00bbff
55 32 11 00bbff
55 33 11 00bbff
55 34 11 00bbff
55 35 11 00bbff
55 36 11 00bbff
55 37 11 00bbff
55 38 11 00bbff
55 39 11 00bbff
55 40 11 00bbff
55 41 11 00bbff
55 42 11 00bbff
55 43 11 00bbff
55 44 11 00bbff
55 45 11 00bbff
55 46 11 00bbff
55 47 11 00bbff
56 0 11 00bbff
56 1 11 00bbff
56 2 11 00bbff
56 3 11 00bbff
56 4 11 00bbff
56 5 11 00bbff
56 6 11 00bbff
56 7 11 00bbff
56 8 11 00bbff
56 9 11 00bbff
56 10 11 00bbff
56 11 11 00bbff
56 12 11 00bbff
56 13 11 00bbff
56 14 11 00bbff
56 15 11 00bbff
56 16 11 00bbff
56 17 11 00bbff
56 18 11 00bbff
56 19 11 00bbff
56 20 11 00bbff
56 21 11 00bbff
56 22 11 00bbff
56 23 11 00bbff
56 24 11 00bbff
56 25 11 00bbff
56 26 11 00bbff
56 27 11 00bbff
56 28 11 00bbff
56 29 11 00bbff
56 30 11 00bbff
56 31 11 00bbff
56 32 11 00bbff
56 33 11 00bbff
56 34 11 00bbff
56 35 11 00bbff
56 36 11 00bbff
56 37 11 00bbff
56 38 11 00bbff
56 39 11 00bbff
56 40 11 00bbff
56 41 11 00bbff
56 42 11 00bbff
56 43 11 00bbff
56 44 11 00bbff
56 45 11 00bbff
56 46 11 00bbff
56 47 11 00bbff
57 0 11 00bbff
57 1 11 00bbff
57 2 11 00bbff
57 3 11 00bbff
57 4 11 00bbff
57 5 11 00bbff
57 6 11 00bbff
57 7 11 00bbff
57 8 11 00bbff
57 9 11 00bbff
57 10 11 00bbff
57 11 11 00bbff
57 12 11 00bbff
57 13 11 00bbff
57 14 11 00bbff
57 15 11 00bbff
57 16 11 00bbff
57 17 11 00bbff
57 18 11 00bbff
57 19 11 00bbff
57 20 11 00bbff
57 21 11 00bbff
57 22 11 00bbff
57 23 11 00bbff
57 24 11 00bbff
57 25 11 00bbff
57 26 11 00bbff
57 27 11 00bbff
57 28 11 00bbff
57 29 11 00bbff
57 30 11 00bbff
57 31 11 00bbff
57 32 11 00bbff
57 33 11 00bbff
57 34 11 00bbff
57 35 11 00bbff
57 36 11 00bbff
57 37 11 00bbff
57 38 11 00bbff
57 39 11 00bbff
57 40 11 00bbff
57 41 11 00bbff
57 42 11 00bbff
57 43 11 00bbff
57 44 11 00bbff
57 45 11 00bbff
57 46 11 00bbff
57 47 11 00bbff
58 0 11 00bbff
58 1 11 00bbff
58 2 11 00bbff
58 3 11 00bbff
58 4 11 00bbff
58 5 11 00bbff
58 6 11 00bbff
58 7 11 00bbff
58 8 11 00bbff
58 9 11 00bbff
58 10 11 00bbff
58 11 11 00bbff
58 12 11 00bbff
58 13 11 00bbff
58 14 11 00bbff
58 15 11 00bbff
58 16 11 00bbff
58 17 11 00bbff
58 18 11 00bbff
58 19 11 00bbff
58 20 11 00bbff
58 21 11 00bbff
58 22 11 00bbff
58 23 11 00bbff
58 24 11 00bbff
58 25 11 00bbff
58 26 11 00bbff
58 27 11 00bbff
58 28 11 00bbff
58 29 11 00bbff
58 30 11 00bbff
58 31 11 00bbff
58 32 11 00bbff
58 33 11 00bbff
58 34 11 00bbff
58 35 11 00bbff
58 36 11 00bbff
58 37 11 00bbff
58 38 11 00bbff
58 39 11 00bbff
58 40 11 00bbff
58 41 11 00bbff
58 42 11 00bbff
58 43 11 00bbff
58 44 11 00bbff
58 45 11 00bbff
58 46 11 00bbff
58 47 11 00bbff
59 0 11 00bbff
59 1 11 00bbff
59 2 11 00bbff
59 3 11 00bbff
59 4 11 00bbff
59 5 11 00bbff
59 6 11 00bbff
59 7 11 00bbff
59 8 11 00bbff
59 9 11 00bbff
59 10 11 00bbff
59 11 11 00bbff
59 12 11 00bbff
59 13 11 00bbff
59 14 11 00bbff
59 15 11 00bbff
59 16 11 00bbff
59 17 11 00bbff
59 18 11 00bbff
59 19 11 00bbff
59 20 11 00bbff
59 21 11 00bbff
59 22 11 00bbff
59 23 11 00bbff
59 24 11 00bbff
59 25 11 00bbff
59 26 11 00bbff
59 27 11 00bbff
59 28 11 00bbff
59 29 11 00bbff
59 30 11 00bbff
59 31 11 00bbff
59 32 11 00bbff
59 33 11 00bbff
59 34 11 00bbff
59 35 11 00bbff
59 36 11 00bbff
59 37 11 00bbff
59 38 11 00bbff
59 39 11 00bbff
59 40 11 00bbff
59 41 11 00bbff
59 42 11 00bbff
59 43 11 00bbff
59 44 11 00bbff
59 45 11 00bbff
59 46 11 00bbff
59 47 11 00bbff
60 0 11 00bbff
60 1 11 00bbff
60 2 11 00bbff
60 3 11 00bbff
60 4 11 00bbff
60 5 11 00bbff
60 6 11 00bbff
60 7 11 00bbff
60 8 11 00bbff
60 9 11 00bbff
60 10 11 00bbff
60 11 11 00bbff
60 12 11 00bbff
60 13 11 00bbff
60 14 11 00bbff
60 15 11 00bbff
60 16 11 00bbff
60 17 11 00bbff
60 18 11 00bbff
60 19 11 00bbff
60 20 11 00bbff
60 21 11 00bbff
60 22 11 00bbff
60 23 11 00bbff
60 24 11 00bbff
60 25 11 00bbff
60 26 11 00bbff
60 27 11 00bbff
60 28 11 00bbff
60 29 11 00bbff
60 30 11 00bbff
60 31 11 00bbff
60 32 11 00bbff
60 33 11 00bbff
60 34 11 00bbff
60 35 11 00bbff
60 36 11 00bbff
60 37 11 00bbff
60 38 11 00bbff
60 39 11 00bbff
60 40 11 00bbff
60 41 11 00bbff
60 42 11 00bbff
60 43 11 00bbff
60 44 11 00bbff
60 45 11 00bbff
60 46 11 00bbff
60 47 11 00bbff
61 0 11 00bbff
61 1 11 00bbff
61 2 11 00bbff
61 3 11 00bbff
61 4 11 00bbff
61 5 11 00bbff
61 6 11 00bbff
61 7 11 00bbff
61 8 11 00bbff
61 9 11 00bbff
61 10 11 00bbff
61 11 11 00bbff
61 12 11 00bbff
61 13 11 00bbff
61 14 11 00bbff
61 15 11 00bbff
61 16 11 00bbff
61 17 11 00bbff
61 18 11 00bbff
61 19 11 00bbff
61 20 11 00bbff
61 21 11 00bbff
61 22 11 00bbff
61 23 11 00bbff
61 24 11 00bbff
61 25 11 00bbff
61 26 11 00bbff
61 27 11 00bbff
61 28 11 00bbff
61 29 11 00bbff
61 30 11 00bbff
61 31 11 00bbff
61 32 11 00bbff
61 33 11 00bbff
61 34 11 00bbff
61 35 11 00bbff
61 36 11 00bbff
61 37 11 00bbff
61 38 11 00bbff
61 39 11 00bbff
61 40 11 00bbff
61 41 11 00bbff
61 42 11 00bbff
61 43 11 00bbff
61 44 11 00bbff
61 45 11 00bbff
61 46 11 00bbff
61 47 11 00bbff
62 0 11 00bbff
62 1 11 00bbff
62 2 11 00bbff
62 3 11 00bbff
62 4 11 00bbff
62 5 11 00bbff
62 6 11 00bbff
62 7 11 00bbff
62 8 11 00bbff
62 9 11 00bbff
62 10 11 00bbff
62 11 11 00bbff
62 12 11 00bbff
62 13 11 00bbff
62 14 11 00bbff
62 15 11 00bbff
62 16 11 00bbff
62 17 11 00bbff
62 18 11 00bbff
62 19 11 00bbff
62 20 11 00bbff
62 21 11 00bbff
62 22 11 00bbff
62 23 11 00bbff
62 24 11 00bbff
62 25 11 00bbff
62 26 11 00bbff
62 27 11 00bbff
62 28 11 00bbff
62 29 11 00bbff
62 30 11 00bbff
62 31 11 00bbff
62 32 11 00bbff
62 33 11 00bbff
62 34 11 00bbff
62 35 11 00bbff
62 36 11 00bbff
62 37 11 00bbff
62 38 11 00bbff
62 39 11 00bbff
62 40 11 00bbff
62 41 11 00bbff
62 42 11 00bbff
62 43 11 00bbff
62 44 11 00bbff
62 45 11 00bbff
62 46 11 00bbff
62 47 11 00bbff
63 0 11 00bbff
63 1 11 00bbff
63 2 11 00bbff
63 3 11 00bbff
63 4 11 00bbff
63 5 11 00bbff
63 6 11 00bbff
63 7 11 00bbff
63 8 11 00bbff
63 9 11 00bbff
63 10 11 00bbff
63 11 11 00bbff
63 12 11 00bbff
63 13 11 00bbff
63 14 11 00bbff
63 15 11 00bbff
63 16 11 00bbff
63 17 11 00bbff
63 18 11 00bbff
63 19 11 00bbff
63 20 11 00bbff
63 21 11 00bbff
63 22 11 00bbff
63 23 11 00bbff
63 24 11 00bbff
63 25 11 00bbff
63 26 11 00bbff
63 27 11 00bbff
63 28 11 00bbff
63 29 11 00bbff
63 30 11 00bbff
63 31 11 00bbff
63 32 11 00bbff
63 33 11 00bbff
63 34 11 00bbff
63 35 11 00bbff
63 36 11 00bbff
63 37 11 00bbff
63 38 11 00bbff
63 39 11 00bbff
63 40 11 00bbff
63 41 11 00bbff
63 42 11 00bbff
63 43 11 00bbff
63 44 11 00bbff
63 45 11 00bbff
63 46 11 00bbff
63 47 11 00bbff
64 0 11 00bbff
64 1 11 00bbff
64 2 11 00bbff
64 3 11 00bbff
64 4 11 00bbff
64 5 11 00bbff
64 6 11 00bbff
64 7 11 00bbff
64 8 11 00bbff
64 9 11 00bbff
64 10 11 00bbff
64 11 11 00bbff
64 12 11 00bbff
64 13 11 00bbff
64 14 11 00bbff
64 15 11 00bbff
64 16 11 00bbff
64 17 11 00bbff
64 18 11 00bbff
64 19 11 00bbff
64 20 11 00bbff
64 21 11 00bbff
64 22 11 00bbff
64 23 11 00bbff
64 24 11 00bbff
64 25 11 00bbff
64 26 11 00bbff
64 27 11 00bbff
64 28 11 00bbff
64 29 11 00bbff
64 30 11 00bbff
64 31 11 00bbff
64 32 11 00bbff
64 33 11 00bbff
64 34 11 00bbff
64 35 11 00bbff
64 36 11 00bbff
64 37 11 00bbff
64 38 11 00bbff
64 39 11 00bbff
64 40 11 00bbff
64 41 11 00bbff
64 42 11 00bbff
64 43 11 00bbff
64 44 11 00bbff
64 45 11 00bbff
64 46 11 00bbff
64 47 11 00bbff
65 0 11 00bbff
65 1 11 00bbff
65 2 11 00bbff
65 3 11 00bbff
65 4 11 00bbff
65 5 11 00bbff
65 6 11 00bbff
65 7 11 00bbff
65 8 11 00bbff
65 9 11 00bbff
65 10 11 00bbff
65 11 11 00bbff
65 12 11 00bbff
65 13 11 00bbff
65 14 11 00bbff
65 15 11 00bbff
65 16 11 00bbff
65 17 11 00bbff
65 18 11 00bbff
65 19 11 00bbff
65 20 11 00bbff
65 21 11 00bbff
65 22 11 00bbff
65 23 11 00bbff
65 24 11 00bbff
65 25 11 00bbff
65 26 11 00bbff
65 27 11 00bbff
65 28 11 00bbff
65 29 11 00bbff
65 30 11 00bbff
65 31 11 00bbff
65 32 11 00bbff
65 33 11 00bbff
65 34 11 00bbff
65 35 11 00bbff
65 36 11 00bbff
65 37 11 00bbff
65 38 11 00bbff
65 39 11 00bbff
65 40 11 00bbff
65 41 11 00bbff
65 42 11 00bbff
65 43 11 00bbff
65 44 11 00bbff
65 45 11 00bbff
65 46 11 00bbff
65 47 11 00bbff
66 0 11 00bbff
66 1 11 00bbff
66 2 11 00bbff
66 3 11 00bbff
66 4 11 00bbff
66 5 11 00bbff
66 6 11 00bbff
66 7 11 00bbff
66 8 11 00bbff
66 9 11 00bbff
66 10 11 00bbff
66 11 11 00bbff
66 12 11 00bbff
66 13 11 00bbff
66 14 11 00bbff
66 15 11 00bbff
66 16 11 00bbff
66 17 11 00bbff
66 18 11 00bbff
66 19 11 00bbff
66 20 11 00bbff
66 21 11 00bbff
66 22 11 00bbff
66 23 11 00bbff
66 24 11 00bbff
66 25 11 00bbff
66 26 11 00bbff
66 27 11 00bbff
66 28 11 00bbff
66 29 11 00bbff
66 30 11 00bbff
66 31 11 00bbff
66 32 11 00bbff
66 33 11 00bbff
66 34 11 00bbff
66 35 11 00bbff
66 36 11 00bbff
66 37 11 00bbff
66 38 11 00bbff
66 39 11 00bbff
66 40 11 00bbff
66 41 11 00bbff
66 42 11 00bbff
66 43 11 00bbff
66 44 11 00bbff
66 45 11 00bbff
66 46 11 00bbff
66 47 11 00bbff
67 0 11 00bbff
67 1 11 00bbff
67 2 11 00bbff
67 3 11 00bbff
67 4 11 00bbff
67 5 11 00bbff
67 6 11 00bbff
67 7 11 00bbff
67 8 11 00bbff
67 9 11 00bbff
67 10 11 00bbff
67 11 11 00bbff
67 12 11 00bbff
67 13 11 00bbff
67 14 11 00bbff
67 15 11 00bbff
67 16 11 00bbff
67 17 11 00bbff
67 18 11 00bbff
67 19 11 00bbff
67 20 11 00bbff
67 21 11 00bbff
67 22 11 00bbff
67 23 11 00bbff
67 24 11 00bbff
67 25 11 00bbff
67 26 11 00bbff
67 27 11 00bbff
67 28 11 00bbff
67 29 11 00bbff
67 30 11 00bbff
67 31 11 00bbff
67 32 11 00bbff
67 33 11 00bbff
67 34 11 00bbff
67 35 11 00bbff
67 36 11 00bbff
67 37 11 00bbff
67 38 11 00bbff
67 39 11 00bbff
67 40 11 00bbff
67 41 11 00bbff
67 42 11 00bbff
67 43 11 00bbff
67 44 11 00bbff
67 45 11 00bbff
67 46 11 00bbff
67 47 11 00bbff
68 0 11 00bbff
68 1 11 00bbff
68 2 11 00bbff
68 3 11 00bbff
68 4 11 00bbff
68 5 11 00bbff
68 6 11 00bbff
68 7 11 00bbff
68 8 11 00bbff
68 9 11 00bbff
68 10 11 00bbff
68 11 11 00bbff
68 12 11 00bbff
68 13 11 00bbff
68 14 11 00bbff
68 15 11 00bbff
68 16 11 00bbff
68 17 11 00bbff
68 18 11 00bbff
68 19 11 00bbff
68 20 11 00bbff
68 21 11 00bbff
68 22 11 00bbff
68 23 11 00bbff
68 24 11 00bbff
68 25 11 00bbff
68 26 11 00bbff
68 27 11 00bbff
68 28 11 00bbff
68 29 11 00bbff
68 30 11 00bbff
68 31 11 00bbff
68 32 11 00bbff
68 33 11 00bbff
68 34 11 00bbff
68 35 11 00bbff
68 36 11 00bbff
68 37 11 00bbff
68 38 11 00bbff
68 39 11 00bbff
68 40 11 00bbff
68 41 11 00bbff
68 42 11 00bbff
68 43 11 00bbff
68 44 11 00bbff
68 45 11 00bbff
68 46 11 00bbff
68 47 11 00bbff
69 0 11 00bbff
69 1 11 00bbff
69 2 11 00bbff
69 3 11 00bbff
69 4 11 00bbff
69 5 11 00bbff
69 6 11 00bbff
69 7 11 00bbff
69 8 11 00bbff
69 9 11 00bbff
69 10 11 00bbff
69 11 11 00bbff
69 12 11 00bbff
69 13 11 00bbff
69 14 11 00bbff
69 15 11 00bbff
69 16 11 00bbff
69 17 11 00bbff
69 18 11 00bbff
69 19 11 00bbff
69 20 11 00bbff
69 21 11 00bbff
69 22 11 00bbff
69 23 11 00bbff
69 24 11 00bbff
69 25 11 00bbff
69 26 11 00bbff
69 27 11 00bbff
69 28 11 00bbff
69 29 11 00bbff
69 30 11 00bbff
69 31 11 00bbff
69 32 11 00bbff
69 33 11 00bbff
69 34 11 00bbff
69 35 11 00bbff
69 36 11 00bbff
69 37 11 00bbff
69 38 11 00bbff
69 39 11 00bbff
69 40 11 00bbff
69 41 11 00bbff
69 42 11 00bbff
69 43 11 00bbff
69 44 11 00bbff
69 45 11 00bbff
69 46 11 00bbff
69 47 11 00bbff
70 0 11 00bbff
70 1 11 00bbff
70 2 11 00bbff
70 3 11 00bbff
70 4 11 00bbff
70 5 11 00bbff
70 6 11 00bbff
70 7 11 00bbff
70 8 11 00bbff
70 9 11 00bbff
70 10 11 00bbff
70 11 11 00bbff
70 12 11 00bbff
70 13 11 00bbff
70 14 11 00bbff
70 15 11 00bbff
70 16 11 00bbff
70 17 11 00bbff
70 18 11 00bbff
70 19 11 00bbff
70 20 11 00bbff
70 21 11 00bbff
70 22 11 00bbff
70 23 11 00bbff
70 24 11 00bbff
70 25 11 00bbff
70 26 11 00bbff
70 27 11 00bbff
70 28 11 00bbff
70 29 11 00bbff
70 30 11 00bbff
70 31 11 00bbff
70 32 11 00bbff
70 33 11 00bbff
70 34 11 00bbff
70 35 11 00bbff
70 36 11 00bbff
70 37 11 00bbff
70 38 11 00bbff
70 39 11 00bbff
70 40 11 00bbff
70 41 11 00bbff
70 42 11 00bbff
70 43 11 00bbff
70 44 11 00bbff
70 45 11 00bbff
70 46 11 00bbff
70 47 11 00bbff
71 0 11 00bbff
71 1 11 00bbff
71 2 11 00bbff
71 3 11 00bbff
71 4 11 00bbff
71 5 11 00bbff
71 6 11 00bbff
71 7 11 00bbff
71 8 11 00bbff
71 9 11 00bbff
71 10 11 00bbff
71 11 11 00bbff
71 12 11 00bbff
71 13 11 00bbff
71 14 11 00bbff
71 15 11 00bbff
71 16 11 00bbff
71 17 11 00bbff
71 18 11 00bbff
71 19 11 00bbff
71 20 11 00bbff
71 21 11 00bbff
71 22 11 00bbff
71 23 11 00bbff
71 24 11 00bbff
71 25 11 00bbff
71 26 11 00bbff
71 27 11 00bbff
71 28 11 00bbff
71 29 11 00bbff
71 30 11 00bbff
71 31 11 00bbff
71 32 11 00bbff
71 33 11 00bbff
71 34 11 00bbff
71 35 11 00bbff
71 36 11 00bbff
71 37 11 00bbff
71 38 11 00bbff
71 39 11 00bbff
71 40 11 00bbff
71 41 11 00bbff
71 42 11 00bbff
71 43 11 00bbff
71 44 11 00bbff
71 45 11 00bbff
71 46 11 00bbff
71 47 11 00bbff
72 0 11 00bbff
72 1 11 00bbff
72 2 11 00bbff
72 3 11 00bbff
72 4 11 00bbff
72 5 11 00bbff
72 6 11 00bbff
72 7 11 00bbff
72 8 11 00bbff
72 9 11 00bbff
72 10 11 00bbff
72 11 11 00bbff
72 12 11 00bbff
72 13 11 00bbff
72 14 11 00bbff
72 15 11 00bbff
72 16 11 00bbff
72 17 11 00bbff
72 18 11 00bbff
72 19 11 00bbff
72 20 11 00bbff
72 21 11 00bbff
72 22 11 00bbff
72 23 11 00bbff
72 24 11 00bbff
72 25 11 00bbff
72 26 11 00bbff
72 27 11 00bbff
72 28 11 00bbff
72 29 11 00bbff
72 30 11 00bbff
72 31 11 00bbff
72 32 11 00bbff
72 33 11 00bbff
72 34 11 00bbff
72 35 11 00bbff
72 36 11 00bbff
72 37 11 00bbff
72 38 11 00bbff
72 39 11 00bbff
72 40 11 00bbff
72 41 11 00bbff
72 42 11 00bbff
72 43 11 00bbff
72 44 11 00bbff
72 45 11 00bbff
72 46 11 00bbff
72 47 11 00bbff
73 0 11 00bbff
73 1 11 00bbff
73 2 11 00bbff
73 3 11 00bbff
73 4 11 00bbff
73 5 11 00bbff
73 6 11 00bbff
73 7 11 00bbff
73 8 11 00bbff
73 9 11 00bbff
73 10 11 00bbff
73 11 11 00bbff
73 12 11 00bbff
73 13 11 00bbff
73 14 11 00bbff
73 15 11 00bbff
73 16 11 00bbff
73 17 11 00bbff
73 18 11 00bbff
73 19 11 00bbff
73 20 11 00bbff
73 21 11 00bbff
73 22 11 00bbff
73 23 11 00bbff
73 24 11 00bbff
73 25 11 00bbff
73 26 11 00bbff
73 27 11 00bbff
73 28 11 00bbff
73 29 11 00bbff
73 30 11 00bbff
73 31 11 00bbff
73 32 11 00bbff
73 33 11 00bbff
73 34 11 00bbff
73 35 11 00bbff
73 36 11 00bbff
73 37 11 00bbff
73 38 11 00bbff
73 39 11 00bbff
73 40 11 00bbff
73 41 11 00bbff
73 42 11 00bbff
73 43 11 00bbff
73 44 11 00bbff
73 45 11 00bbff
73 46 11 00bbff
73 47 11 00bbff
74 0 11 00bbff
74 1 11 00bbff
74 2 11 00bbff
74 3 11 00bbff
74 4 11 00bbff
74 5 11 00bbff
74 6 11 00bbff
74 7 11 00bbff
74 8 11 00bbff
74 9 11 00bbff
74 10 11 00bbff
74 11 11 00bbff
74 12 11 00bbff
74 13 11 00bbff
74 14 11 00bbff
74 15 11 00bbff
74 16 11 00bbff
74 17 11 00bbff
74 18 11 00bbff
74 19 11 00bbff
74 20 11 00bbff
74 21 11 00bbff
74 22 11 00bbff
74 23 11 00bbff
74 24 11 00bbff
74 25 11 00bbff
74 26 11 00bbff
74 27 11 00bbff
74 28 11 00bbff
74 29 11 00bbff
74 30 11 00bbff
74 31 11 00bbff
74 32 11 00bbff
74 33 11 00bbff
74 34 11 00bbff
74 35 11 00bbff
74 36 11 00bbff
74 37 11 00bbff
74 38 11 00bbff
74 39 11 00bbff
74 40 11 00bbff
74 41 11 00bbff
74 42 11 00bbff
74 43 11 00bbff
74 44 11 00bbff
74 45 11 00bbff
74 46 11 00bbff
74 47 11 00bbff
75 0 11 00bbff
75 1 11 00bbff
75 2 11 00bbff
75 3 11 00bbff
75 4 11 00bbff
75 5 11 00bbff
75 6 11 00bbff
75 7 11 00bbff
75 8 11 00bbff
75 9 11 00bbff
75 10 11 00bbff
75 11 11 00bbff
75 12 11 00bbff
75 13 11 00bbff
75 14 11 00bbff
75 15 11 00bbff
75 16 11 00bbff
75 17 11 00bbff
75 18 11 00bbff
75 19 11 00bbff
75 20 11 00bbff
75 21 11 00bbff
75 22 11 00bbff
75 23 11 00bbff
75 24 11 00bbff
75 25 11 00bbff
75 26 11 00bbff
75 27 11 00bbff
75 28 11 00bbff
75 29 11 00bbff
75 30 11 00bbff
75 31 11 00bbff
75 32 11 00bbff
75 33 11 00bbff
75 34 11 00bbff
75 35 11 00bbff
75 36 11 00bbff
75 37 11 00bbff
75 38 11 00bbff
75 39 11 00bbff
75 40 11 00bbff
75 41 11 00bbff
75 42 11 00bbff
75 43 11 00bbff
75 44 11 00bbff
75 45 11 00bbff
75 46 11 00bbff
75 47 11 00bbff
76 0 11 00bbff
76 1 11 00bbff
76 2 11 00bbff
76 3 11 00bbff
76 4 11 00bbff
76 5 11 00bbff
76 6 11 00bbff
76 7 11 00bbff
76 8 11 00bbff
76 9 11 00bbff
76 10 11 00bbff
76 11 11 00bbff
76 12 11 00bbff
76 13 11 00bbff
76 14 11 00bbff
76 15 11 00bbff
76 16 11 00bbff
76 17 11 00bbff
76 18 11 00bbff
76 19 11 00bbff
76 20 11 00bbff
76 21 11 00bbff
76 22 11 00bbff
76 23 11 00bbff
76 24 11 00bbff
76 25 11 00bbff
76 26 11 00bbff
76 27 11 00bbff
76 28 11 00bbff
76 29 11 00bbff
76 30 11 00bbff
76 31 11 00bbff
76 32 11 00bbff
76 33 11 00bbff
76 34 11 00bbff
76 35 11 00bbff
76 36 11 00bbff
76 37 11 00bbff
76 38 11 00bbff
76 39 11 00bbff
76 40 11 00bbff
76 41 11 00bbff
76 42 11 00bbff
76 43 11 00bbff
76 44 11 00bbff
76 45 11 00bbff
76 46 11 00bbff
76 47 11 00bbff
77 0 11 00bbff
77 1 11 00bbff
77 2 11 00bbff
77 3 11 00bbff
77 4 11 00bbff
77 5 11 00bbff
77 6 11 00bbff
77 7 11 00bbff
77 8 11 00bbff
77 9 11 00bbff
77 10 11 00bbff
77 11 11 00bbff
77 12 11 00bbff
77 13 11 00bbff
77 14 11 00bbff
77 15 11 00bbff
77 16 11 00bbff
77 17 11 00bbff
77 18 11 00bbff
77 19 11 00bbff
77 20 11 00bbff
77 21 11 00bbff
77 22 11 00bbff
77 23 11 00bbff
77 24 11 00bbff
77 25 11 00bbff
77 26 11 00bbff
77 27 11 00bbff
77 28 11 00bbff
77 29 11 00bbff
77 30 11 00bbff
77 31 11 00bbff
77 32 11 00bbff
77 33 11 00bbff
77 34 11 00bbff
77 35 11 00bbff
77 36 11 00bbff
77 37 11 00bbff
77 38 11 00bbff
77 39 11 00bbff
77 40 11 00bbff
77 41 11 00bbff
77 42 11 00bbff
77 43 11 00bbff
77 44 11 00bbff
77 45 11 00bbff
77 46 11 00bbff
77 47 11 00bbff
78 0 11 00bbff
78 1 11 00bbff
78 2 11 00bbff
78 3 11 00bbff
78 4 11 00bbff
78 5 11 00bbff
78 6 11 00bbff
78 7 11 00bbff
78 8 11 00bbff
78 9 11 00bbff
78 10 11 00bbff
78 11 11 00bbff
78 12 11 00bbff
78 13 11 00bbff
78 14 11 00bbff
78 15 11 00bbff
78 16 11 00bbff
78 17 11 00bbff
78 18 11 00bbff
78 19 11 00bbff
78 20 11 00bbff
78 21 11 00bbff
78 22 11 00bbff
78 23 11 00bbff
78 24 11 00bbff
78 25 11 00bbff
78 26 11 00bbff
78 27 11 00bbff
78 28 11 00bbff
78 29 11 00bbff
78 30 11 00bbff
78 31 11 00bbff
78 32 11 00bbff
78 33 11 00bbff
78 34 11 00bbff
78 35 11 00bbff
78 36 11 00bbff
78 37 11 00bbff
78 38 11 00bbff
78 39 11 00bbff
78 40 11 00bbff
78 41 11 00bbff
78 42 11 00bbff
78 43 11 00bbff
78 44 11 00bbff
78 45 11 00bbff
78 46 11 00bbff
78 47 11 00bbff
79 0 11 00bbff
79 1 11 00bbff
79 2 11 00bbff
79 3 11 00bbff
79 4 11 00bbff
79 5 11 00bbff
79 6 11 00bbff
79 7 11 00bbff
79 8 11 00bbff
79 9 11 00bbff
79 10 11 00bbff
79 11 11 00bbff
79 12 11 00bbff
79 13 11 00bbff
79 14 11 00bbff
79 15 11 00bbff
79 16 11 00bbff
79 17 11 00bbff
79 18 11 00bbff
79 19 11 00bbff
79 20 11 00bbff
79 21 11 00bbff
79 22 11 00bbff
79 23 11 00bbff
79 24 11 00bbff
79 25 11 00bbff
79 26 11 00bbff
79 27 11 00bbff
79 28 11 00bbff
79 29 11 00bbff
79 30 11 00bbff
79 31 11 00bbff
79 32 11 00bbff
79 33 11 00bbff
79 34 11 00bbff
79 35 11 00bbff
79 36 11 00bbff
79 37 11 00bbff
79 38 11 00bbff
79 39 11 00bbff
79 40 11 00bbff
79 41 11 00bbff
79 42 11 00bbff
79 43 11 00bbff
79 44 11 00bbff
79 45 11 00bbff
79 46 11 00bbff
79 47 11 00bbff
