# Goxel 0.15.1
23 20 24 8B4513
24 4 24 8B4513
27 23 21 8B4513
21 18 26 8B4513
24 6 24 8B4513
24 17 24 8B4513
22 17 25 8B4513
24 19 21 8B4513
24 8 24 8B4513
24 19 24 8B4513
28 23 21 8B4513
24 10 24 8B4513
24 1 24 8B4513
23 21 28 8B4513
18 18 28 8B4513
24 20 19 8B4513
23 16 23 8B4513
24 21 24 8B4513
23 17 24 8B4513
24 12 24 8B4513
24 23 24 8B4513
24 3 24 8B4513
24 14 24 8B4513
23 20 26 8B4513
25 22 22 8B4513
24 19 23 8B4513
26 22 22 8B4513
21 17 20 8B4513
22 16 22 8B4513
21 17 26 8B4513
24 5 24 8B4513
24 16 24 8B4513
23 21 27 8B4513
20 17 20 8B4513
24 20 18 8B4513
24 7 24 8B4513
24 18 24 8B4513
23 21 30 8B4513
24 20 24 8B4513
24 22 24 8B4513
23 20 25 8B4513
24 9 24 8B4513
20 18 27 8B4513
24 19 22 8B4513
24 0 24 8B4513
24 11 24 8B4513
19 18 28 8B4513
24 2 24 8B4513
24 13 24 8B4513
22 16 21 8B4513
24 15 24 8B4513
24 21 16 8B4513
23 21 29 8B4513
20 17 19 8B4513
24 20 17 8B4513
24 20 20 8B4513
24 22 23 8B4513
28 43 30 00D200
27 35 11 00D100
42 16 24 00DB00
36 32 34 007A00
24 18 41 00C400
12 13 26 00B800
33 17 40 009A00
26 35 42 00D200
21 46 27 008500
27 12 36 009400
31 29 21 00AA00
30 41 36 00DA00
44 32 29 00D100
35 14 35 009900
25 43 15 008400
23 32 22 009B00
23 16 5 00E600
35 15 9 00B900
10 17 21 00BB00
34 17 17 00FF00
24 23 3 00CD00
15 21 26 00FE00
29 32 25 00ED00
21 38 22 00ED00
40 31 34 00B000
39 38 30 00A100
18 8 38 009900
5 15 25 00A800
34 29 9 008600
20 28 42 00C300
44 17 22 007E00
14 40 13 00EA00
9 27 31 00E200
35 19 6 008400
43 36 29 009600
30 34 14 009E00
6 15 30 009C00
17 36 13 007B00
9 27 40 009100
34 32 11 00B900
36 18 37 009000
11 24 26 00ED00
17 28 18 00D900
12 32 26 009100
30 7 15 00EE00
8 18 37 00D500
5 27 26 00AB00
29 31 20 008500
15 39 34 00CB00
12 35 31 00D600
13 23 25 00CA00
19 3 22 00C100
22 26 38 008600
24 30 29 009A00
11 25 27 009F00
30 29 39 00A400
12 13 21 00CD00
22 19 8 00E700
25 39 31 00C500
32 5 18 00A600
25 31 27 00C800
14 22 9 007B00
23 8 32 008E00
23 31 34 00B500
6 33 32 008F00
14 33 18 00ED00
26 28 7 007C00
42 19 30 00B400
41 18 22 00F400
35 6 26 007900
16 22 29 00C000
15 25 10 00D200
29 13 7 00A400
27 39 12 00A500
35 38 15 00E900
41 27 18 007C00
30 22 17 009400
17 35 16 00EE00
13 27 9 00D500
20 18 5 00A400
8 34 13 00E300
44 17 17 00AD00
27 30 21 00D600
39 11 26 007900
25 28 3 00F700
13 27 36 00D000
16 6 17 00DE00
37 27 16 00B500
28 19 45 008B00
16 40 28 009F00
20 29 29 00B000
31 24 31 00F500
17 17 22 009F00
17 36 35 00A700
36 20 41 00C500
7 19 28 00E400
16 37 31 00CD00
7 19 37 009100
16 10 14 00FE00
10 34 37 00A100
35 10 37 009C00
33 36 25 007F00
20 25 13 00A600
33 6 21 009F00
36 13 20 00BD00
40 38 18 007C00
19 18 5 00E200
18 19 29 00A100
16 33 15 00C400
30 44 31 00CE00
19 7 23 009300
14 36 15 009D00
35 38 10 007F00
8 22 25 00E800
36 6 26 00A900
44 16 29 00C300
35 15 17 00A600
21 29 31 00A600
6 22 32 00BA00
34 9 21 00F100
39 30 16 00ED00
12 20 15 00CD00
23 4 20 008200
12 39 28 00EA00
41 32 37 00E400
23 34 30 00F500
20 9 19 00E000
29 15 29 00B600
14 17 10 00D200
18 33 39 00B200
29 27 40 007D00
17 17 8 00D700
17 28 8 00BF00
29 30 45 008B00
22 26 10 008E00
17 13 28 008300
24 38 14 009600
35 22 16 00FF00
28 12 28 00AA00
28 23 28 00DD00
42 26 23 007800
43 19 33 00EE00
31 17 5 00A700
31 17 14 00FD00
34 12 40 00DA00
37 22 36 00B500
25 20 8 00B100
14 21 25 00AE00
19 14 30 00FF00
22 29 30 00FB00
34 13 14 008100
21 14 32 00A700
7 22 25 00D400
32 5 17 008B00
7 14 30 007C00
17 9 21 00BF00
36 13 33 00E300
28 24 20 009200
43 34 30 00A900
19 28 41 007900
27 45 27 007F00
35 37 31 00F200
17 20 36 008C00
10 27 38 00EE00
28 38 40 009B00
4 22 19 00E300
8 22 20 00FC00
35 15 12 00DD00
40 23 15 008E00
13 18 30 008400
15 24 22 00C900
35 18 17 00F300
19 9 36 00C100
28 19 26 00D500
17 24 33 008500
10 23 31 00D900
27 7 27 00B900
35 40 32 00B300
24 22 37 007900
27 7 36 00FE00
22 14 31 008600
38 25 32 00DC00
18 26 4 00EA00
23 18 44 007800
27 29 42 008300
31 24 39 009500
18 37 22 008100
35 33 20 008C00
29 8 30 00DB00
27 41 25 008000
31 17 9 00B400
44 20 17 009900
39 25 26 00E300
12 37 25 00CC00
30 9 27 00A900
28 35 15 00A300
40 18 39 00DD00
45 31 22 00B400
24 40 36 00B500
24 21 32 008200
18 7 17 00EA00
28 38 17 00A700
42 19 15 00B900
42 27 28 008D00
4 30 18 00CD00
19 17 8 00E100
16 35 42 00F700
12 19 22 008700
15 12 34 008C00
9 23 32 00B900
34 19 34 00F400
27 37 36 00AD00
16 16 10 00B100
22 44 31 007A00
21 17 37 00E500
42 22 16 007F00
17 35 28 00E500
8 13 33 00C300
41 29 21 00AC00
42 22 25 00BD00
10 41 25 009500
12 41 27 00C300
21 10 16 00C300
23 18 30 00AB00
33 32 22 008800
24 3 28 00A800
33 16 23 009700
25 8 15 00A000
3 24 25 008400
22 39 37 00C000
41 37 16 008400
10 34 31 009B00
5 22 22 00C400
26 16 4 00F800
12 26 29 00B200
10 18 23 00C000
24 21 18 00FF00
4 21 17 00F600
11 27 16 00D800
14 32 22 009A00
20 5 16 007800
20 16 16 00CF00
33 31 26 00A600
33 27 37 00D100
17 31 26 00D300
34 38 24 009600
34 27 33 00B100
10 29 37 00ED00
25 23 17 007A00
12 29 39 008D00
22 22 7 009700
14 16 30 009400
37 28 41 00F000
13 21 22 008E00
34 31 21 008C00
33 12 30 008800
17 16 19 00BE00
40 22 27 008200
37 18 33 00BE00
12 22 27 00BD00
23 27 12 00D200
17 15 32 00A300
32 22 37 00ED00
33 5 27 00E800
21 43 35 00CC00
32 26 16 00A800
36 8 34 008C00
11 7 24 007F00
15 8 27 009800
23 44 28 00E400
11 30 35 00DA00
18 17 39 00F800
21 13 30 009B00
16 32 27 00F600
27 34 12 00EF00
29 25 36 00A900
11 19 25 00D600
34 27 28 00DD00
39 20 41 008300
34 19 24 007B00
25 3 25 008A00
18 44 29 007E00
23 37 34 009F00
21 6 18 00EB00
29 18 24 008E00
9 17 27 009D00
40 22 22 00E000
14 27 31 00BD00
40 14 18 00BA00
19 20 45 009F00
24 6 14 00E500
7 18 17 00B900
42 14 29 009700
19 43 19 009D00
21 43 21 008400
5 32 29 008200
19 16 11 00F900
32 34 6 00DA00
23 17 42 00DD00
20 12 9 00A600
32 34 15 009400
22 39 36 008300
44 23 35 00C700
34 34 17 00CB00
26 37 26 00F700
22 9 13 00B900
7 14 19 00ED00
27 14 29 00D000
13 25 28 00E900
31 11 17 007C00
39 20 36 009800
29 37 23 00D600
23 14 27 00C700
16 13 8 00DD00
33 11 37 00F300
28 30 6 00CC00
13 40 16 00C000
33 12 11 009000
15 22 41 00AA00
44 27 28 008B00
22 35 25 009C00
24 13 27 00B200
24 16 23 00AD00
25 26 21 008C00
24 13 36 00F700
39 31 32 00D300
17 26 13 00A900
36 28 6 008F00
32 25 14 00F000
26 44 33 00CD00
9 10 19 009700
25 29 41 00B300
29 29 42 00B000
14 31 23 00F700
32 15 6 009E00
21 35 30 00EC00
24 9 38 00A300
22 21 10 00DD00
33 15 39 008E00
36 23 40 00E100
38 23 42 009E00
35 16 23 008A00
16 20 24 007800
7 13 18 00DA00
18 9 34 00A100
27 39 26 008900
19 17 6 00F700
28 26 31 00AD00
24 20 43 009F00
27 16 42 00BA00
25 14 24 00CF00
28 29 24 00B400
9 36 30 00A500
28 29 42 009F00
18 35 28 00F200
21 20 19 00DE00
36 30 20 00FD00
29 9 32 00D300
27 29 8 00F200
31 34 28 00BF00
24 35 40 00BC00
28 10 19 00BC00
16 27 41 00EB00
25 29 18 00DD00
31 26 42 00C800
22 20 13 009100
22 39 35 00F200
36 23 17 00B100
20 23 17 00B300
27 13 36 00DE00
13 24 26 00C300
10 18 12 00D900
30 20 8 00A900
31 7 28 00E000
25 18 35 009A00
37 24 33 00AB00
23 32 35 00BF00
31 19 20 00E300
30 12 31 00C900
24 23 25 00FF00
12 9 32 00F900
22 12 32 00C400
22 4 28 009D00
20 38 29 00B000
24 23 43 00D400
15 22 31 009600
14 18 29 009600
36 18 41 00FF00
27 20 25 00EC00
31 26 10 00D700
28 41 20 00A600
25 29 4 00FC00
36 7 22 00F300
12 32 39 00B300
15 26 19 00EC00
26 33 23 00B800
14 19 21 008600
9 29 13 008100
31 26 37 009F00
35 20 20 00BD00
6 19 31 00A900
31 37 37 008B00
36 11 38 00B500
12 36 18 009100
20 23 3 00A600
37 23 18 007900
46 28 26 008200
39 35 28 00D000
39 24 28 00AB00
28 34 17 00F400
14 41 17 00C900
24 42 25 00A200
15 41 13 008600
20 34 18 00B600
12 25 8 00FB00
31 27 10 00CB00
8 23 39 00D300
20 37 41 00F400
12 17 31 00CD00
26 29 12 00F000
19 11 20 00CC00
31 14 22 00E700
38 26 33 00EA00
20 7 27 009700
22 24 19 00E500
26 9 33 00AA00
10 13 22 009500
31 25 40 009700
39 31 26 00C700
38 27 16 00C400
36 38 32 00D000
9 39 31 009800
29 40 9 009800
24 16 35 00BD00
14 7 32 00AA00
29 10 14 00D900
15 29 16 00F600
45 32 23 00AB00
6 30 35 00AE00
24 30 37 00BD00
22 5 23 008C00
36 8 18 00A600
33 15 15 008400
37 35 33 00B400
20 25 35 008A00
23 23 38 00D200
11 40 23 00C500
16 11 28 00F800
24 11 32 00E000
22 31 8 00FF00
19 27 5 00DF00
35 16 17 00BD00
19 26 40 00B400
12 25 30 00B900
30 25 40 007C00
11 21 28 00F400
11 18 41 008F00
41 19 13 00BE00
24 31 28 00B900
27 27 27 00E000
19 27 32 00F500
39 22 16 008F00
27 16 36 00E100
41 11 27 00C200
36 15 35 008400
28 29 27 00CA00
37 30 39 00FB00
22 35 14 00FF00
16 7 30 00EF00
27 17 19 00AB00
28 6 34 00AD00
28 29 36 00C100
15 36 23 009700
29 39 18 00F700
10 20 25 00C500
40 12 32 008300
38 27 20 00EC00
20 40 37 00AF00
39 34 26 00E700
7 31 20 008400
16 37 21 00D700
20 22 7 008400
8 19 14 00E300
15 29 11 00D300
10 36 15 007D00
16 10 22 00CB00
37 12 17 00A200
18 18 45 00BF00
17 21 18 007E00
15 9 23 00C000
27 43 31 00FA00
24 19 13 00DA00
29 43 33 00A900
37 34 32 007C00
23 23 33 009800
25 32 4 007B00
36 22 24 00B700
16 11 23 008000
26 39 10 00DB00
39 41 25 00E900
15 25 22 007E00
24 12 10 008900
21 19 7 007900
28 28 39 00AF00
38 37 14 00B800
9 38 20 00E300
21 8 25 00C800
28 40 13 00D500
23 28 4 00FB00
40 23 37 00B600
41 30 26 009000
13 8 17 00E500
27 36 9 008900
29 38 39 008200
17 25 11 00BD00
23 5 20 008000
12 32 15 00AD00
6 18 33 00C900
16 25 42 008700
21 33 45 00E200
17 36 38 00B400
23 9 17 007E00
29 11 30 008400
13 23 32 00C800
29 20 8 00D300
19 22 33 00D500
28 24 28 00CE00
20 10 36 00C200
42 27 23 00FD00
25 39 38 007D00
9 20 25 008B00
18 15 25 008F00
18 19 23 00B500
18 38 36 00ED00
22 11 20 009400
31 40 23 008D00
27 24 3 00F400
22 11 29 00CB00
18 39 10 00E200
23 35 11 00C100
20 14 24 00A400
6 33 26 00CE00
21 37 29 007800
24 11 40 00B800
22 33 35 00BF00
16 34 10 008200
31 43 34 007D00
42 31 29 00BF00
22 4 17 00DD00
16 15 15 00BA00
33 33 13 00D000
32 42 28 00B900
31 22 20 00A700
37 7 27 00CE00
13 19 21 00EB00
20 9 40 00AA00
40 20 17 008900
27 15 39 009000
44 28 33 00A300
8 15 25 00E400
21 18 33 008800
24 14 32 00C200
15 28 9 00E600
22 34 8 00E600
34 35 9 008500
21 21 38 00B600
32 27 12 00C700
29 31 22 00F800
37 11 24 00A900
24 30 13 009300
16 21 12 00B000
18 37 39 00B800
25 23 14 00BB00
38 10 24 00FD00
5 31 16 00E500
40 27 16 00FF00
23 39 31 00D300
25 20 20 00AA00
27 23 15 00F000
23 20 27 00F500
36 13 36 007A00
36 22 14 00C900
44 32 17 008300
25 20 38 00D100
40 15 32 009100
39 18 13 00BE00
33 21 7 00B900
30 44 29 009B00
30 21 27 00A500
39 37 35 009B00
29 32 13 00AB00
31 29 27 00F600
38 14 21 00AA00
23 35 6 00B300
34 17 14 00E200
13 15 10 009700
18 23 6 00C700
32 19 40 00BC00
20 36 25 00F100
22 33 39 00F400
25 24 26 007F00
41 30 16 00F000
26 27 40 007D00
8 34 15 00D700
7 15 24 00CD00
5 30 20 00D200
11 35 33 007800
39 22 19 00E200
44 17 28 00A400
20 29 13 00BD00
23 15 42 00C800
20 32 9 00BA00
6 26 27 00B900
34 23 39 00C500
24 3 27 008000
15 39 13 008700
37 19 14 00F100
15 36 17 009A00
29 19 6 009100
30 18 12 00C100
14 28 44 009F00
23 30 21 00CB00
23 38 34 00D100
44 21 16 00E000
40 37 28 00BD00
27 11 27 00C200
33 28 14 00ED00
30 29 36 007900
36 32 26 00C800
14 21 32 00ED00
9 22 34 00C900
29 35 14 00FA00
8 10 26 00B800
23 31 31 008100
28 24 36 00B900
26 16 39 00BE00
24 21 44 00F300
33 40 24 00C900
6 22 25 00FE00
17 32 17 00AC00
20 28 16 00F500
18 22 14 00E700
24 25 41 00F700
20 28 43 00D800
44 28 23 00C300
14 40 14 00A800
9 27 32 009000
12 23 31 00D700
24 3 22 009100
44 28 32 009A00
15 28 8 008100
13 41 26 00BC00
17 13 21 00D400
35 22 9 00DC00
20 39 30 00ED00
34 24 26 00DE00
20 33 5 00DA00
16 18 15 00AA00
37 10 18 00ED00
40 37 32 008000
32 24 5 00FD00
34 28 5 00CF00
5 25 21 00EF00
23 20 17 00B300
39 36 30 00E500
5 25 30 008700
27 23 14 00C300
16 32 26 00D500
13 34 41 00BF00
35 26 15 00F100
21 28 27 009300
24 21 39 00D500
35 14 22 007A00
32 38 25 00F500
27 37 16 00DD00
28 38 33 00F500
22 10 18 00B500
6 25 16 00C300
22 10 27 00A900
37 36 39 00FA00
34 31 6 00B100
31 43 28 008F00
14 13 28 00AA00
9 26 35 00CF00
36 39 29 00D100
25 4 16 00C600
25 26 16 008E00
10 8 26 007A00
43 18 29 00A000
37 29 36 009200
39 21 31 00F500
14 28 25 009000
5 29 32 00AC00
10 33 37 00C400
31 16 10 009E00
36 20 24 007A00
27 7 38 00FC00
9 18 36 00AC00
4 28 27 007C00
36 29 11 00AE00
23 41 26 009D00
10 34 29 00CB00
26 24 15 007900
12 15 27 00B000
28 24 17 00C100
42 27 12 00F900
17 30 41 00B200
19 13 31 009600
11 39 34 00B500
38 35 29 00E700
25 22 23 00D500
33 27 44 00AE00
29 45 26 009B00
34 38 31 00F200
31 8 38 00B300
8 33 17 00B000
32 11 21 00FB00
25 30 45 009200
26 27 7 00EC00
26 18 38 00EE00
42 18 30 00A200
19 17 10 00E200
40 29 28 00B300
28 30 14 009F00
33 12 19 00FF00
16 24 34 007B00
43 26 19 009800
20 9 20 00C100
30 36 6 007A00
5 28 35 00F100
22 37 21 00CD00
19 31 39 009B00
14 17 20 00DC00
39 10 26 00D100
10 33 32 00AA00
34 22 37 008B00
36 20 28 00B600
19 43 31 00CD00
32 14 40 007F00
26 4 23 00BE00
32 15 14 007D00
32 45 27 00CE00
15 11 12 009A00
32 26 32 009E00
11 27 9 008500
17 30 36 00B600
18 40 30 009400
19 13 17 00B700
41 28 27 00C200
42 37 20 007900
10 11 22 00FB00
29 26 26 009500
35 28 23 00FE00
41 32 15 00D000
25 22 45 00F700
39 17 33 007B00
15 37 33 00CB00
18 21 43 00BC00
33 12 23 00E800
34 23 10 00DA00
22 14 5 009900
24 37 9 009F00
21 9 39 00F100
23 7 27 00F800
10 14 14 00B400
40 22 38 00E600
33 34 38 00B500
35 40 33 00B900
7 18 24 008B00
35 29 33 00D600
27 32 30 00B500
14 31 17 00FE00
45 19 22 00C700
30 17 14 00A900
32 45 22 00B700
35 25 17 00AB00
32 26 18 008200
30 30 42 00CE00
22 21 4 00CE00
16 23 33 00A800
7 22 21 008800
22 29 26 00FE00
30 39 29 00BF00
33 30 40 00E300
26 15 5 008500
17 20 5 00B500
18 9 28 00EC00
17 11 36 00B300
39 28 29 00F400
29 33 42 00C200
16 32 29 009500
29 14 38 00CD00
44 34 20 00E400
33 31 14 00A100
29 6 34 008000
8 35 17 00EF00
23 37 18 007A00
41 17 21 00BA00
35 28 27 00E700
25 14 36 00F600
28 27 17 009400
9 25 24 00BD00
11 12 15 00B400
27 6 31 00DD00
13 40 23 007800
17 37 30 00DA00
23 15 8 00B500
12 18 36 00C200
40 33 15 00CF00
31 4 21 00E500
19 42 29 00D200
43 37 27 00C000
37 29 12 007A00
28 30 31 008400
25 15 19 009200
14 27 33 00EB00
29 29 22 008300
7 18 37 00C800
18 24 39 008A00
14 42 21 00B100
20 12 11 00DE00
31 30 15 00E600
27 33 17 00D800
6 31 31 00BA00
29 44 19 00A900
30 31 11 00E300
26 6 22 008600
13 35 38 00C300
25 10 25 00E100
17 11 22 00D800
25 18 38 007A00
20 34 26 00AF00
41 20 13 00D900
23 22 6 00EC00
10 17 28 00C000
30 20 38 00B700
42 37 19 007D00
21 5 32 008B00
37 25 10 009500
28 7 16 00BE00
23 37 22 008500
24 31 41 00E600
40 32 18 00A400
12 29 13 00D200
28 27 3 008000
14 24 8 009500
22 10 16 00F200
26 30 6 008300
24 13 20 009C00
19 20 24 008A00
35 32 10 007B00
24 24 38 00A500
11 11 32 00C300
26 10 24 008800
33 34 37 007C00
30 5 21 00B800
28 33 28 00B100
18 13 25 00F800
24 17 17 009D00
23 17 39 00C000
27 13 25 00A300
41 24 24 00E200
27 21 38 008F00
41 16 20 008A00
36 23 33 008400
40 17 16 00E300
5 23 35 009900
37 24 13 00D200
18 40 24 009B00
33 27 6 009F00
10 32 21 00E100
36 35 25 00F800
18 39 37 00F600
36 12 32 00C600
17 10 39 00D900
22 4 26 009800
42 29 28 00BB00
9 36 14 008E00
19 30 45 00CB00
31 33 38 00F600
15 22 38 00A900
24 35 24 00B500
5 28 33 00CA00
22 8 14 00A400
38 27 19 00C000
36 19 13 00AD00
19 20 28 00F400
21 31 30 00BD00
22 16 36 00C300
13 9 34 009000
21 4 22 009B00
25 17 18 00C900
34 22 26 00AF00
13 31 40 00E100
10 25 26 00F500
18 24 29 008400
34 33 35 00B000
12 14 28 009700
7 21 23 00E700
20 22 33 009B00
30 19 27 009200
24 9 26 009C00
20 34 7 00F100
39 24 35 00E000
25 41 12 00A200
7 20 27 00A800
34 37 23 00C300
23 21 22 00C000
16 41 35 00F100
38 35 13 00F300
11 21 31 00A500
37 13 35 00A500
27 16 14 00D500
26 39 36 007B00
24 20 22 00C200
28 17 38 00C800
10 32 34 00B500
21 8 24 00E000
27 39 41 00E100
20 30 18 00F800
27 36 17 00A400
22 23 43 00CD00
20 38 31 00DC00
36 26 29 00BA00
27 20 18 00DB00
26 29 46 00C300
27 17 31 007F00
22 27 22 008400
23 28 39 00E700
27 28 40 00AC00
20 19 17 008400
39 23 29 00E700
29 17 42 00BA00
26 44 25 00B900
20 22 19 009E00
28 10 34 00DC00
15 40 23 00E100
21 35 13 00E900
16 18 38 00A100
10 36 27 009600
24 42 18 00E800
16 21 43 00B300
26 24 43 007E00
19 26 20 00E200
8 20 27 00DF00
30 41 37 00BF00
26 36 26 00A300
16 14 22 00E300
19 18 34 00EA00
12 40 26 00DC00
9 13 21 00DA00
19 30 8 00E300
4 20 25 00CA00
30 22 32 00FE00
24 23 31 008A00
19 38 39 00F900
16 34 36 00C300
22 43 16 00AE00
23 13 18 00AE00
33 44 30 008A00
22 27 26 00F000
39 15 20 00B700
31 18 21 00FD00
17 21 7 009400
31 15 6 00DF00
44 22 21 00A000
31 28 43 007E00
13 24 27 007C00
13 16 32 009000
33 29 28 00B000
38 33 33 00F100
28 28 19 00F000
27 24 24 00EB00
45 24 26 00FB00
43 24 33 009D00
19 11 8 00A300
24 23 26 009A00
27 38 35 00DB00
28 29 29 00A800
23 13 31 00A700
19 23 9 007B00
33 34 8 008500
13 19 42 00D900
30 34 37 00CF00
41 23 21 00DE00
13 20 16 00C900
30 26 33 00D300
31 37 20 00AE00
28 33 8 008B00
8 38 20 007B00
13 20 25 008500
35 39 16 00EB00
12 12 34 00D500
12 24 36 00B000
20 33 9 00CF00
3 26 20 00CC00
35 12 17 00C000
29 31 43 009600
37 20 23 00EA00
