# Goxel 0.15.1
13 8 14 8B4513
15 12 15 8B4513
14 9 14 8B4513
13 10 14 8B4513
13 11 19 8B4513
16 9 16 8B4513
14 0 14 8B4513
18 10 18 8B4513
14 8 15 8B4513
14 9 17 8B4513
14 9 20 8B4513
10 13 15 8B4513
14 13 14 8B4513
12 11 20 8B4513
7 9 15 8B4513
6 14 17 8B4513
14 11 14 8B4513
13 12 14 8B4513
12 8 14 8B4513
10 9 14 8B4513
14 2 14 8B4513
14 10 21 8B4513
14 4 14 8B4513
15 9 15 8B4513
13 11 18 8B4513
13 10 16 8B4513
14 8 14 8B4513
14 9 19 8B4513
12 12 14 8B4513
14 6 14 8B4513
16 13 18 8B4513
11 12 15 8B4513
8 13 16 8B4513
14 10 14 8B4513
9 13 16 8B4513
7 13 17 8B4513
16 10 16 8B4513
14 1 14 8B4513
14 12 14 8B4513
6 10 15 8B4513
14 3 14 8B4513
11 8 14 8B4513
15 9 17 8B4513
13 10 15 8B4513
5 10 16 8B4513
14 9 18 8B4513
14 8 16 8B4513
13 11 17 8B4513
8 9 15 8B4513
15 12 16 8B4513
17 13 19 8B4513
16 13 17 8B4513
14 5 14 8B4513
6 14 18 8B4513
9 9 15 8B4513
14 7 14 8B4513
17 10 17 8B4513
14 10 22 8B4513
17 9 18 009600
21 15 3 00B600
27 12 18 00AA00
6 8 13 009000
24 8 15 00A100
12 13 26 009F00
22 11 9 007A00
8 8 24 00CD00
16 3 12 00DF00
20 14 22 00F800
25 16 7 00DB00
5 16 12 00CE00
18 8 20 008800
24 23 12 00E800
18 23 18 00E800
18 11 16 00F700
25 16 16 009E00
10 23 19 00C500
18 20 3 009900
16 7 18 00EE00
6 18 8 00AD00
15 6 10 00AC00
8 15 23 009900
4 15 21 007F00
6 19 18 008400
20 10 11 00C900
20 10 20 007800
11 9 10 00D800
18 27 11 00A000
17 21 6 009C00
19 26 14 00F000
16 11 11 00C700
15 10 3 009E00
22 11 22 00F900
14 25 14 00E800
13 18 22 009100
25 16 11 00CE00
12 20 11 00F800
13 19 5 008800
22 14 23 00B200
5 19 8 008300
16 9 22 00E900
24 15 8 00B100
5 8 17 00BD00
20 13 21 008600
17 5 20 00B300
8 19 6 00C200
9 8 21 009700
12 4 20 00C900
8 19 15 00E900
21 14 10 00E000
14 2 17 007800
19 6 22 00FD00
3 17 19 00A500
11 18 10 00F500
17 20 23 00BB00
13 26 21 00A400
3 21 16 00A400
24 23 11 00D700
7 15 17 00EB00
17 16 25 008600
16 17 12 00BC00
13 11 23 00F300
23 19 14 00EF00
7 19 14 00C300
19 14 3 00EE00
24 18 8 00A500
7 19 23 00C100
13 23 15 009600
14 10 16 00CB00
21 14 23 00CC00
12 16 7 00C300
23 23 11 00FF00
15 20 7 008C00
3 17 14 009500
24 19 9 009B00
12 16 16 00A200
21 17 24 00F700
10 8 15 009200
9 4 14 00C200
18 22 25 00A600
16 25 11 00D800
18 14 21 00D300
6 7 11 00CE00
10 12 3 007F00
24 15 7 00F900
3 13 21 007D00
12 4 10 00C200
23 11 14 00BB00
7 11 14 00EF00
19 22 20 00DA00
7 22 11 009800
11 9 4 00EB00
17 9 7 00FB00
25 12 17 00E700
18 7 17 008D00
21 7 6 00B400
11 19 26 00DE00
14 24 12 00E300
13 26 20 00C800
17 16 15 00E000
24 22 14 00B800
22 22 21 008900
9 4 18 00CE00
7 18 18 008A00
5 10 21 00F200
6 17 19 00EB00
27 19 14 00E600
20 20 23 008400
16 2 13 00EE00
6 13 12 00B600
22 13 21 00BA00
15 20 15 00C300
10 19 6 00BF00
3 9 18 009200
20 16 16 00F800
11 19 21 00E700
14 12 24 00CE00
12 11 4 00F800
17 20 26 009400
11 23 18 00E200
21 18 15 00FB00
22 6 8 00BE00
21 10 20 00A900
13 10 12 00A700
16 9 20 00D500
12 15 24 00C100
21 25 14 00D400
6 10 11 00E100
6 10 20 00E900
21 5 17 00B600
23 14 14 00EE00
9 11 20 00AF00
18 21 18 007C00
24 10 21 00F400
12 18 25 00BA00
13 21 8 00E900
16 5 18 009600
23 15 15 00E400
16 16 27 00AD00
23 18 11 00E200
13 21 26 008B00
9 7 13 009500
15 26 16 00A100
10 22 20 009400
24 6 14 00CD00
13 2 12 00C100
11 7 19 00BB00
13 22 8 00C800
18 17 16 009000
14 20 9 007C00
17 11 20 008800
8 10 8 00E200
10 18 22 00B600
21 25 18 007900
6 13 11 009600
16 20 20 00EE00
4 18 10 00A200
14 24 6 007800
14 13 6 007A00
5 17 9 00B000
19 17 20 00D500
13 9 10 00B900
3 12 9 009F00
25 7 17 008F00
15 15 20 008200
17 7 9 009D00
17 15 22 00ED00
5 21 15 00FD00
6 20 9 009D00
14 23 10 009C00
21 24 21 00EB00
15 8 8 009300
3 16 15 008400
20 12 13 00E900
13 13 22 009500
16 20 6 00AA00
6 12 10 008200
13 17 19 00D900
26 18 16 00A900
19 8 25 009B00
2 13 10 00EE00
19 20 17 00CB00
21 12 15 00B500
19 12 22 007A00
15 15 15 00B400
5 10 10 00D500
18 13 27 00F000
24 9 15 007B00
15 8 3 00B400
14 23 14 007800
12 26 9 00F800
3 19 12 00BA00
15 11 17 00D400
5 16 16 00AB00
2 12 13 008100
7 5 18 009600
15 22 13 00D800
11 14 26 009000
7 9 6 00A400
10 13 18 00F000
21 20 14 00B800
7 10 16 00E100
22 5 19 00F800
9 10 18 00BC00
6 8 12 007B00
14 22 22 009400
19 15 27 00E100
17 18 22 00CF00
5 24 15 00FF00
9 24 10 00F200
13 25 13 00FC00
15 10 25 009B00
7 24 17 00C600
20 7 9 00DF00
15 14 13 00F300
23 13 16 00E700
10 10 17 00EF00
9 6 16 00D800
21 20 9 00E300
9 17 25 00CB00
23 17 13 00FA00
23 6 13 00E700
23 9 9 009300
11 7 8 009000
17 18 8 007E00
11 21 19 00E600
12 17 17 00B700
23 16 17 00C000
19 8 10 00C000
24 23 15 007F00
8 16 13 00B200
20 18 13 00B800
5 9 12 009100
15 18 5 009100
13 23 10 00B100
18 13 3 008B00
12 13 6 009C00
18 5 17 00B200
12 5 11 007D00
5 23 13 00D000
13 13 11 007C00
7 12 15 008000
16 11 5 007800
2 11 15 009A00
11 21 14 00EB00
12 9 8 00AE00
22 12 8 008F00
27 16 13 00BB00
4 12 9 00E400
14 26 9 009C00
19 19 14 007B00
26 9 14 009A00
21 23 13 00AC00
6 11 12 00A900
19 25 20 00FA00
10 24 8 00EC00
8 11 23 00E900
16 21 26 00C300
11 17 21 009600
12 13 19 00A400
23 8 21 00C300
16 22 9 009400
24 11 13 00F400
19 15 21 008900
20 14 6 008700
10 17 5 00B900
16 3 14 00DE00
21 7 19 00AB00
14 25 21 00D500
15 21 19 00A900
18 8 22 00DD00
21 19 11 00B700
10 8 23 00CD00
16 26 15 009A00
8 15 7 009900
13 19 12 00DB00
12 23 23 00A600
14 17 22 00EE00
18 4 15 00C400
24 15 15 00A300
13 23 9 00D100
21 14 8 00B500
21 11 21 008000
15 17 8 00FE00
20 22 15 00F000
11 6 16 00E400
26 16 17 00FE00
10 5 17 009500
9 12 7 00DA00
19 7 12 00EF00
11 18 17 00CE00
9 23 22 00B500
21 7 23 00F300
13 18 24 00E000
12 20 13 00C300
16 25 14 00D600
21 18 19 00FE00
11 13 23 00B100
11 24 23 00AE00
5 8 19 008400
7 11 8 00F300
18 18 12 007B00
14 10 5 008C00
19 3 10 00A400
8 11 4 009800
14 2 10 00F700
14 10 23 00A600
6 13 20 009D00
8 14 14 008600
26 20 18 00E500
11 20 21 00CD00
10 8 13 00D000
8 15 6 00E400
8 26 15 00EB00
22 6 16 008000
16 17 14 00C200
16 6 14 008800
17 25 14 007E00
12 12 3 00C100
17 17 10 00CE00
20 13 9 007C00
16 17 23 00BE00
14 9 26 009200
2 15 11 00CC00
13 12 8 00AB00
21 11 11 009300
21 3 16 00C300
21 14 25 007D00
18 7 6 007E00
15 20 9 008A00
19 15 6 009700
17 20 11 00D800
10 11 14 008800
15 4 19 00FF00
13 7 23 00B500
17 24 8 009F00
7 15 5 007F00
13 8 6 00DC00
5 15 21 009200
12 23 17 00CB00
13 11 2 00DB00
15 16 20 00CE00
11 24 13 00AB00
21 21 23 00A100
20 13 4 00BF00
22 15 16 00BE00
21 11 6 009E00
21 22 15 00AA00
9 22 24 00E700
6 13 10 00E100
17 20 6 00B400
17 12 11 00A500
24 10 15 008F00
13 18 18 008900
18 14 18 00DE00
16 25 17 00B000
12 22 25 00B600
6 20 17 008100
4 9 18 00F900
18 3 17 008E00
12 7 9 00D600
18 7 5 008F00
6 13 14 00F600
20 5 9 00DC00
22 25 15 00B900
24 10 19 00D300
12 11 24 008D00
11 20 24 007900
13 21 15 00CA00
24 14 16 00E900
17 7 21 00F600
10 14 23 008400
8 17 9 00A100
8 17 18 007900
15 27 15 00B200
18 25 9 007800
17 19 13 00D900
13 14 2 00C100
18 6 14 008000
5 14 15 00A200
18 17 23 007A00
6 21 13 00EE00
25 22 13 00E800
16 4 19 00DE00
18 10 11 007900
15 14 26 008B00
14 19 20 00EE00
5 13 9 009700
6 17 20 00DD00
8 9 9 00E200
15 27 10 009E00
14 23 8 00F200
11 15 16 00C200
20 12 20 00C600
10 15 19 00E200
15 11 20 008800
19 5 21 00C200
17 23 14 00C500
13 17 26 008300
18 10 15 008E00
20 15 21 00C100
8 16 26 00C300
21 6 15 009400
6 16 5 00C600
21 9 20 008400
7 9 18 00FD00
8 13 20 00B900
14 19 15 00A600
13 10 4 00FF00
8 17 17 009C00
17 8 3 009D00
19 13 11 008100
13 25 7 009200
11 8 8 00CA00
14 12 20 008800
15 22 11 00F500
17 22 13 00B400
17 3 9 00F600
9 25 14 008200
10 13 7 009500
11 11 18 00F100
17 15 10 008300
23 17 16 00CA00
7 21 14 007A00
6 20 6 00E700
6 9 6 00F900
24 9 8 00C200
21 16 5 00F800
17 11 3 008500
8 8 21 00A300
19 13 6 00D300
24 12 18 00FA00
23 14 10 009800
20 15 11 009A00
20 7 7 009600
16 26 19 00D100
21 19 24 00E200
11 14 10 00A700
17 14 13 007D00
15 6 16 00D000
4 13 18 009600
16 19 7 00A900
19 23 19 00F200
15 26 12 00DE00
21 23 21 00DD00
14 7 21 007C00
19 24 11 008300
8 11 22 00AD00
24 9 12 00F400
12 13 18 00D500
23 21 8 00BF00
23 10 8 009F00
17 18 6 009500
3 15 20 007800
11 21 17 009400
9 13 3 00D600
7 24 19 009700
5 16 13 00B600
23 14 5 008500
23 16 24 00C700
13 5 18 00FD00
10 21 10 00F800
12 10 12 008B00
11 14 23 00E200
13 6 10 00C100
4 13 13 00B900
9 6 18 00EA00
4 16 9 00EE00
10 13 24 009200
14 7 16 00ED00
17 26 9 00D500
8 19 21 007E00
6 11 15 008A00
16 18 24 00B000
20 10 21 00C100
24 9 7 00BB00
10 16 16 008D00
5 12 20 00D700
14 22 10 00D500
9 12 24 009600
11 10 3 00CA00
18 9 3 008300
11 18 16 009300
7 13 5 00B800
20 14 18 00C300
11 21 21 008500
24 20 12 00FC00
22 12 24 009900
14 15 16 00BC00
17 14 3 00CC00
12 21 16 00F500
7 9 7 00AC00
18 13 5 00D500
8 19 16 00AF00
